merge__Unsort_test2200r_180000_10000_3000_s12345.txt , 2044 , 2095 , 200 , 200 , 179036
merge__Unsort_test2600r_180000_10000_3000_s16384.txt , 2410 , 2524 , 703 , 704 , 194835
merge__Unsort_test3000r_180000_10000_3000_s104857.txt , 2453 , 2558 , 981 , 981 , 227811
merge__Unsort_test3200r_180000_10000_3000_s68.txt , 2848 , 3114 , 1504 , 1504 , 261528
merge__Unsort_test3000r_180000_10000_3000_s1911.txt , 2656 , 2790 , 1598 , 1598 , 254237
merge__Unsort_test2000r_180000_10000_3000_s212223.txt , 1950 , 1967 , 407 , 407 , 186350
merge__Unsort_test3000r_180000_10000_3000_s7.txt , 2528 , 2701 , 1400 , 1404 , 253021
merge__Unsort_test2000r_180000_10000_3000_s6.txt , 1847 , 1939 , 312 , 313 , 172690
merge__Unsort_test2400r_180000_10000_3000_s687.txt , 2196 , 2285 , 645 , 645 , 221931
merge__Unsort_test2400r_180000_10000_3000_s800.txt , 2160 , 2274 , 789 , 789 , 198849
merge__Unsort_test3000r_180000_10000_3000_s81.txt , 2678 , 2868 , 1480 , 1480 , 239349
merge__Unsort_test2600r_180000_10000_3000_s7.txt , 2277 , 2369 , 1093 , 1097 , 218540
merge__Unsort_test3200r_180000_10000_3000_s9199.txt , 2706 , 2781 , 1497 , 1497 , 256876
merge__Unsort_test2400r_180000_10000_3000_s777.txt , 2103 , 2211 , 882 , 886 , 212635
merge__Unsort_test2400r_180000_10000_3000_s81.txt , 2002 , 2094 , 677 , 677 , 184821
merge__Unsort_test3200r_180000_10000_3000_s1990.txt , 2852 , 2933 , 1617 , 1618 , 258581
merge__Unsort_test3000r_180000_10000_3000_s1048575.txt , 2537 , 2677 , 1474 , 1477 , 237175
merge__Unsort_test2000r_180000_10000_3000_s699.txt , 1962 , 2087 , 316 , 317 , 198732
merge__Unsort_test3000r_180000_10000_3000_s1920.txt , 2709 , 2783 , 1209 , 1209 , 250964
merge__Unsort_test2600r_180000_10000_3000_s4192.txt , 2298 , 2415 , 701 , 703 , 223860
merge__Unsort_test2000r_180000_10000_3000_s1920.txt , 1893 , 2011 , 193 , 193 , 184451
merge__Unsort_test2800r_180000_10000_3000_s1911.txt , 2270 , 2377 , 994 , 995 , 186852
merge__Unsort_test2400r_180000_10000_3000_s9199.txt , 2194 , 2257 , 736 , 736 , 202367
merge__Unsort_test2000r_180000_10000_3000_s768.txt , 1749 , 1803 , 139 , 139 , 154541
merge__Unsort_test2600r_180000_10000_3000_s6.txt , 2402 , 2449 , 822 , 822 , 211730
merge__Unsort_test2000r_180000_10000_3000_s4192.txt , 1715 , 1769 , 78 , 78 , 147014
merge__Unsort_test2000r_180000_10000_3000_s7.txt , 1666 , 1715 , 258 , 260 , 153499
merge__Unsort_test2200r_180000_10000_3000_s262144.txt , 1954 , 2042 , 868 , 871 , 188919
merge__Unsort_test2200r_180000_10000_3000_s104857.txt , 2125 , 2200 , 315 , 315 , 192170
merge__Unsort_test2200r_180000_10000_3000_s768.txt , 2120 , 2129 , 596 , 596 , 195579
merge__Unsort_test2000r_180000_10000_3000_s1911.txt , 1749 , 1751 , 52 , 52 , 143955
merge__Unsort_test2200r_180000_10000_3000_s4192.txt , 1923 , 1978 , 73 , 73 , 172180
merge__Unsort_test2000r_180000_10000_3000_s12345.txt , 1771 , 1872 , 167 , 167 , 169082
merge__Unsort_test2600r_180000_10000_3000_s262144.txt , 2228 , 2338 , 1180 , 1180 , 208317
merge__Unsort_test3000r_180000_10000_3000_s521.txt , 2599 , 2668 , 1129 , 1129 , 224157
merge__Unsort_test3200r_180000_10000_3000_s555.txt , 2682 , 2783 , 1144 , 1145 , 252658
merge__Unsort_test2600r_180000_10000_3000_s68.txt , 2385 , 2567 , 964 , 965 , 234378
merge__Unsort_test2600r_180000_10000_3000_s768.txt , 2289 , 2336 , 888 , 889 , 225969
merge__Unsort_test2000r_180000_10000_3000_s167.txt , 1785 , 1802 , 265 , 265 , 178529
merge__Unsort_test2800r_180000_10000_3000_s104857.txt , 2592 , 2726 , 1205 , 1205 , 242884
merge__Unsort_test2800r_180000_10000_3000_s777.txt , 2540 , 2689 , 1244 , 1245 , 234919
merge__Unsort_test3200r_180000_10000_3000_s333.txt , 2951 , 3048 , 1739 , 1739 , 245011
merge__Unsort_test3200r_180000_10000_3000_s12345.txt , 2859 , 2981 , 1079 , 1079 , 252876
merge__Unsort_test2600r_180000_10000_3000_s167.txt , 2383 , 2493 , 541 , 541 , 218315
merge__Unsort_test2400r_180000_10000_3000_s104857.txt , 2121 , 2212 , 349 , 349 , 191787
merge__Unsort_test2600r_180000_10000_3000_s678.txt , 2338 , 2471 , 936 , 937 , 220609
merge__Unsort_test2400r_180000_10000_3000_s521.txt , 2214 , 2305 , 801 , 802 , 204426
merge__Unsort_test2400r_180000_10000_3000_s4192.txt , 2097 , 2195 , 674 , 676 , 212617
merge__Unsort_test2800r_180000_10000_3000_s1048575.txt , 2428 , 2528 , 1367 , 1368 , 224884
merge__Unsort_test3200r_180000_10000_3000_s16384.txt , 2647 , 2803 , 1375 , 1377 , 229973
merge__Unsort_test3000r_180000_10000_3000_s212223.txt , 2689 , 2832 , 1192 , 1192 , 251187
merge__Unsort_test3000r_180000_10000_3000_s167.txt , 2442 , 2487 , 859 , 859 , 231865
merge__Unsort_test3200r_180000_10000_3000_s81.txt , 2604 , 2728 , 1391 , 1392 , 232903
merge__Unsort_test2400r_180000_10000_3000_s1080.txt , 2181 , 2271 , 786 , 787 , 218435
merge__Unsort_test3000r_180000_10000_3000_s699.txt , 2811 , 2983 , 1501 , 1502 , 265524
merge__Unsort_test2600r_180000_10000_3000_s1920.txt , 2355 , 2416 , 662 , 662 , 218253
merge__Unsort_test2400r_180000_10000_3000_s7.txt , 2286 , 2443 , 978 , 978 , 198815
merge__Unsort_test2200r_180000_10000_3000_s555.txt , 2136 , 2303 , 303 , 303 , 192134
merge__Unsort_test2000r_180000_10000_3000_s1.txt , 1642 , 1706 , 174 , 174 , 151725
merge__Unsort_test2000r_180000_10000_3000_s68.txt , 1819 , 1912 , 36 , 36 , 160036
merge__Unsort_test2200r_180000_10000_3000_s1911.txt , 1982 , 2091 , 631 , 633 , 179427
merge__Unsort_test3200r_180000_10000_3000_s212223.txt , 2628 , 2718 , 904 , 904 , 222781
merge__Unsort_test2600r_180000_10000_3000_s212223.txt , 2403 , 2495 , 1023 , 1023 , 238451
merge__Unsort_test2400r_180000_10000_3000_s9999.txt , 2245 , 2366 , 952 , 954 , 219231
merge__Unsort_test2000r_180000_10000_3000_s1080.txt , 1661 , 1698 , 103 , 103 , 156339
merge__Unsort_test2000r_180000_10000_3000_s9999.txt , 1924 , 1993 , 279 , 279 , 174236
merge__Unsort_test2600r_180000_10000_3000_s555.txt , 2505 , 2681 , 656 , 656 , 228372
merge__Unsort_test2400r_180000_10000_3000_s68.txt , 2229 , 2264 , 407 , 407 , 192828
merge__Unsort_test3000r_180000_10000_3000_s68.txt , 2655 , 2788 , 1269 , 1269 , 240493
merge__Unsort_test2800r_180000_10000_3000_s251.txt , 2362 , 2476 , 1298 , 1300 , 211767
merge__Unsort_test2400r_180000_10000_3000_s12345.txt , 2244 , 2356 , 627 , 628 , 216593
merge__Unsort_test2800r_180000_10000_3000_s9999.txt , 2477 , 2596 , 1407 , 1411 , 235167
merge__Unsort_test3200r_180000_10000_3000_s1920.txt , 2528 , 2610 , 1063 , 1065 , 228714
merge__Unsort_test2800r_180000_10000_3000_s1920.txt , 2477 , 2511 , 697 , 698 , 222722
merge__Unsort_test2800r_180000_10000_3000_s800.txt , 2658 , 2926 , 1543 , 1543 , 255770
merge__Unsort_test2000r_180000_10000_3000_s555.txt , 2014 , 2049 , 269 , 269 , 184354
merge__Unsort_test3000r_180000_10000_3000_s777.txt , 2458 , 2577 , 1486 , 1487 , 246304
merge__Unsort_test2200r_180000_10000_3000_s1920.txt , 2151 , 2242 , 299 , 299 , 201636
merge__Unsort_test2600r_180000_10000_3000_s251.txt , 2384 , 2554 , 1093 , 1096 , 198702
merge__Unsort_test2600r_180000_10000_3000_s1990.txt , 2241 , 2345 , 984 , 987 , 217229
merge__Unsort_test2400r_180000_10000_3000_s262144.txt , 2087 , 2176 , 944 , 944 , 193582
merge__Unsort_test2200r_180000_10000_3000_s16384.txt , 1890 , 2010 , 193 , 194 , 156260
merge__Unsort_test3000r_180000_10000_3000_s251.txt , 2555 , 2630 , 1403 , 1403 , 214604
merge__Unsort_test2800r_180000_10000_3000_s678.txt , 2317 , 2446 , 1063 , 1066 , 226418
merge__Unsort_test3000r_180000_10000_3000_s678.txt , 2610 , 2737 , 1352 , 1353 , 243851
merge__Unsort_test2400r_180000_10000_3000_s768.txt , 2198 , 2342 , 513 , 513 , 201947
merge__Unsort_test3000r_180000_10000_3000_s768.txt , 2603 , 2676 , 1015 , 1018 , 245481
merge__Unsort_test2200r_180000_10000_3000_s333.txt , 2027 , 2171 , 692 , 692 , 175957
merge__Unsort_test2600r_180000_10000_3000_s9199.txt , 2254 , 2338 , 1080 , 1081 , 219684
merge__Unsort_test3200r_180000_10000_3000_s1.txt , 2839 , 2979 , 1351 , 1352 , 257555
merge__Unsort_test3000r_180000_10000_3000_s9999.txt , 2727 , 2816 , 1684 , 1686 , 255627
merge__Unsort_test2000r_180000_10000_3000_s81.txt , 1734 , 1864 , 138 , 139 , 144756
merge__Unsort_test2000r_180000_10000_3000_s9199.txt , 1912 , 1986 , 174 , 175 , 167683
merge__Unsort_test2000r_180000_10000_3000_s50.txt , 1920 , 2022 , 473 , 473 , 168692
merge__Unsort_test2400r_180000_10000_3000_s50.txt , 2217 , 2326 , 1202 , 1204 , 224050
merge__Unsort_test2000r_180000_10000_3000_s687.txt , 2009 , 2106 , 386 , 386 , 200020
merge__Unsort_test2800r_180000_10000_3000_s333.txt , 2370 , 2597 , 1275 , 1275 , 221704
merge__Unsort_test2400r_180000_10000_3000_s699.txt , 2152 , 2227 , 306 , 306 , 181258
merge__Unsort_test2400r_180000_10000_3000_s1990.txt , 2307 , 2537 , 968 , 968 , 216721
merge__Unsort_test3000r_180000_10000_3000_s333.txt , 2740 , 2859 , 1601 , 1607 , 241745
merge__Unsort_test3000r_180000_10000_3000_s555.txt , 2678 , 2771 , 772 , 772 , 234759
merge__Unsort_test2800r_180000_10000_3000_s687.txt , 2591 , 2726 , 836 , 836 , 242444
merge__Unsort_test2200r_180000_10000_3000_s167.txt , 2112 , 2160 , 388 , 388 , 199451
merge__Unsort_test2200r_180000_10000_3000_s1990.txt , 1854 , 1947 , 293 , 293 , 176395
merge__Unsort_test2000r_180000_10000_3000_s251.txt , 1883 , 2018 , 555 , 555 , 172571
merge__Unsort_test2600r_180000_10000_3000_s333.txt , 2252 , 2351 , 1164 , 1165 , 213358
merge__Unsort_test3000r_180000_10000_3000_s9199.txt , 2729 , 2878 , 1500 , 1500 , 257580
merge__Unsort_test2000r_180000_10000_3000_s678.txt , 1849 , 1891 , 146 , 147 , 160760
merge__Unsort_test3000r_180000_10000_3000_s800.txt , 2556 , 2739 , 1412 , 1412 , 239083
merge__Unsort_test2400r_180000_10000_3000_s1048575.txt , 2105 , 2166 , 854 , 859 , 183075
merge__Unsort_test2000r_180000_10000_3000_s262144.txt , 1807 , 1854 , 378 , 379 , 154759
merge__Unsort_test3200r_180000_10000_3000_s699.txt , 2786 , 2881 , 1394 , 1396 , 260369
merge__Unsort_test2400r_180000_10000_3000_s1920.txt , 2249 , 2361 , 627 , 627 , 220973
merge__Unsort_test3200r_180000_10000_3000_s777.txt , 2562 , 2699 , 1319 , 1320 , 234953
merge__Unsort_test2600r_180000_10000_3000_s1911.txt , 2351 , 2407 , 1340 , 1340 , 225406
merge__Unsort_test2800r_180000_10000_3000_s4192.txt , 2691 , 2749 , 944 , 945 , 232873
merge__Unsort_test2200r_180000_10000_3000_s800.txt , 1924 , 2005 , 369 , 371 , 163502
merge__Unsort_test2000r_180000_10000_3000_s800.txt , 1607 , 1707 , 286 , 286 , 158945
merge__Unsort_test2200r_180000_10000_3000_s81.txt , 1978 , 2093 , 565 , 566 , 180149
merge__Unsort_test2800r_180000_10000_3000_s9199.txt , 2324 , 2448 , 921 , 921 , 206987
merge__Unsort_test2200r_180000_10000_3000_s251.txt , 2102 , 2241 , 641 , 641 , 183930
merge__Unsort_test3000r_180000_10000_3000_s1990.txt , 2786 , 2892 , 1570 , 1571 , 260409
merge__Unsort_test3000r_180000_10000_3000_s1.txt , 2259 , 2384 , 676 , 677 , 193989
merge__Unsort_test3200r_180000_10000_3000_s262144.txt , 2916 , 3094 , 1875 , 1875 , 271722
merge__Unsort_test2200r_180000_10000_3000_s521.txt , 2061 , 2128 , 748 , 748 , 194562
merge__Unsort_test3000r_180000_10000_3000_s16384.txt , 2936 , 3092 , 1589 , 1589 , 262635
merge__Unsort_test2200r_180000_10000_3000_s9999.txt , 1986 , 2114 , 558 , 559 , 191193
merge__Unsort_test2800r_180000_10000_3000_s81.txt , 2227 , 2278 , 928 , 931 , 199568
merge__Unsort_test2400r_180000_10000_3000_s6.txt , 1906 , 2068 , 510 , 513 , 180944
merge__Unsort_test2400r_180000_10000_3000_s1.txt , 2169 , 2227 , 753 , 753 , 208804
merge__Unsort_test2400r_180000_10000_3000_s333.txt , 2176 , 2238 , 714 , 715 , 182582
merge__Unsort_test2200r_180000_10000_3000_s9199.txt , 1875 , 1918 , 323 , 323 , 177652
merge__Unsort_test2200r_180000_10000_3000_s1.txt , 2080 , 2236 , 598 , 598 , 188933
merge__Unsort_test3200r_180000_10000_3000_s800.txt , 2768 , 2826 , 1554 , 1554 , 237419
merge__Unsort_test2000r_180000_10000_3000_s777.txt , 1721 , 1811 , 125 , 127 , 164634
merge__Unsort_test3000r_180000_10000_3000_s50.txt , 2642 , 2833 , 1523 , 1531 , 250457
merge__Unsort_test2800r_180000_10000_3000_s555.txt , 2708 , 2850 , 934 , 934 , 245506
merge__Unsort_test2000r_180000_10000_3000_s333.txt , 1794 , 1860 , 318 , 318 , 157812
merge__Unsort_test3200r_180000_10000_3000_s1080.txt , 2932 , 3044 , 1430 , 1432 , 256649
merge__Unsort_test2800r_180000_10000_3000_s50.txt , 2608 , 2718 , 1392 , 1392 , 230876
merge__Unsort_test2600r_180000_10000_3000_s521.txt , 2221 , 2298 , 660 , 660 , 190671
merge__Unsort_test2000r_180000_10000_3000_s104857.txt , 1922 , 1994 , 260 , 260 , 185797
merge__Unsort_test2200r_180000_10000_3000_s50.txt , 2086 , 2150 , 905 , 905 , 194629
merge__Unsort_test2200r_180000_10000_3000_s678.txt , 1972 , 2029 , 209 , 209 , 178164
merge__Unsort_test2800r_180000_10000_3000_s699.txt , 2544 , 2653 , 816 , 816 , 227311
merge__Unsort_test3000r_180000_10000_3000_s4192.txt , 2495 , 2602 , 1068 , 1069 , 221547
merge__Unsort_test2600r_180000_10000_3000_s12345.txt , 2243 , 2357 , 630 , 632 , 227587
merge__Unsort_test2600r_180000_10000_3000_s699.txt , 2232 , 2307 , 744 , 745 , 225220
merge__Unsort_test2800r_180000_10000_3000_s12345.txt , 2560 , 2705 , 1009 , 1009 , 248393
merge__Unsort_test2600r_180000_10000_3000_s800.txt , 2314 , 2462 , 1045 , 1045 , 217238
merge__Unsort_test2800r_180000_10000_3000_s7.txt , 2328 , 2451 , 1318 , 1321 , 233593
merge__Unsort_test2600r_180000_10000_3000_s1.txt , 2323 , 2432 , 812 , 813 , 214622
merge__Unsort_test3200r_180000_10000_3000_s6.txt , 2979 , 3106 , 1630 , 1633 , 275773
merge__Unsort_test3200r_180000_10000_3000_s687.txt , 2842 , 2934 , 1082 , 1082 , 266989
merge__Unsort_test2200r_180000_10000_3000_s6.txt , 2080 , 2178 , 541 , 543 , 198786
merge__Unsort_test2800r_180000_10000_3000_s167.txt , 2551 , 2641 , 842 , 843 , 245823
merge__Unsort_test3200r_180000_10000_3000_s50.txt , 2692 , 2834 , 1486 , 1488 , 231993
merge__Unsort_test3200r_180000_10000_3000_s1911.txt , 2710 , 2894 , 1548 , 1548 , 229630
merge__Unsort_test2200r_180000_10000_3000_s1080.txt , 1708 , 1732 , 282 , 283 , 167754
merge__Unsort_test2600r_180000_10000_3000_s50.txt , 2515 , 2704 , 1487 , 1487 , 245671
merge__Unsort_test2600r_180000_10000_3000_s1080.txt , 2276 , 2462 , 580 , 584 , 196854
merge__Unsort_test3200r_180000_10000_3000_s1048575.txt , 2810 , 2905 , 1773 , 1773 , 258033
merge__Unsort_test2400r_180000_10000_3000_s1911.txt , 2183 , 2259 , 1145 , 1145 , 211729
merge__Unsort_test2400r_180000_10000_3000_s167.txt , 2390 , 2474 , 568 , 568 , 220269
merge__Unsort_test3200r_180000_10000_3000_s167.txt , 2889 , 2993 , 1113 , 1113 , 261521
merge__Unsort_test2200r_180000_10000_3000_s1048575.txt , 1965 , 2039 , 731 , 732 , 173010
merge__Unsort_test2400r_180000_10000_3000_s678.txt , 1972 , 2034 , 264 , 264 , 183936
merge__Unsort_test3000r_180000_10000_3000_s262144.txt , 2702 , 2850 , 1573 , 1575 , 242224
merge__Unsort_test3200r_180000_10000_3000_s4192.txt , 2677 , 2802 , 1250 , 1251 , 238517
merge__Unsort_test2200r_180000_10000_3000_s212223.txt , 2008 , 2012 , 230 , 230 , 170591
merge__Unsort_test3200r_180000_10000_3000_s678.txt , 2696 , 2810 , 1563 , 1564 , 267742
merge__Unsort_test2800r_180000_10000_3000_s1.txt , 2379 , 2534 , 973 , 974 , 230031
merge__Unsort_test2000r_180000_10000_3000_s521.txt , 1696 , 1792 , 104 , 104 , 153299
merge__Unsort_test2200r_180000_10000_3000_s7.txt , 2002 , 2154 , 827 , 827 , 177275
merge__Unsort_test2600r_180000_10000_3000_s687.txt , 2415 , 2637 , 1009 , 1009 , 249415
merge__Unsort_test2800r_180000_10000_3000_s262144.txt , 2274 , 2364 , 1239 , 1240 , 211184
merge__Unsort_test3000r_180000_10000_3000_s687.txt , 2529 , 2610 , 865 , 865 , 234905
merge__Unsort_test3200r_180000_10000_3000_s251.txt , 2989 , 3158 , 1994 , 1996 , 269617
merge__Unsort_test2800r_180000_10000_3000_s1990.txt , 2294 , 2430 , 1074 , 1075 , 220731
merge__Unsort_test2800r_180000_10000_3000_s768.txt , 2723 , 2772 , 1174 , 1178 , 250331
merge__Unsort_test3000r_180000_10000_3000_s6.txt , 2612 , 2706 , 1180 , 1181 , 231820
merge__Unsort_test2600r_180000_10000_3000_s104857.txt , 2353 , 2520 , 912 , 912 , 220956
merge__Unsort_test2600r_180000_10000_3000_s777.txt , 2308 , 2405 , 901 , 902 , 203748
merge__Unsort_test3000r_180000_10000_3000_s12345.txt , 2651 , 2751 , 848 , 851 , 241029
merge__Unsort_test2000r_180000_10000_3000_s1990.txt , 1613 , 1645 , 117 , 118 , 151896
merge__Unsort_test2600r_180000_10000_3000_s81.txt , 2429 , 2642 , 1196 , 1196 , 225813
merge__Unsort_test3000r_180000_10000_3000_s1080.txt , 2720 , 2911 , 1572 , 1572 , 273679
merge__Unsort_test2400r_180000_10000_3000_s212223.txt , 2167 , 2305 , 706 , 706 , 213536
merge__Unsort_test2800r_180000_10000_3000_s6.txt , 2499 , 2567 , 940 , 943 , 219718
merge__Unsort_test2400r_180000_10000_3000_s16384.txt , 2166 , 2250 , 815 , 818 , 212623
merge__Unsort_test3200r_180000_10000_3000_s104857.txt , 2760 , 2872 , 1265 , 1265 , 247945
merge__Unsort_test2800r_180000_10000_3000_s212223.txt , 2533 , 2668 , 1022 , 1023 , 246310
merge__Unsort_test2400r_180000_10000_3000_s251.txt , 2329 , 2393 , 1155 , 1155 , 204924
merge__Unsort_test2200r_180000_10000_3000_s687.txt , 1923 , 1954 , 91 , 91 , 163098
merge__Unsort_test2200r_180000_10000_3000_s777.txt , 2055 , 2111 , 335 , 335 , 185984
merge__Unsort_test2800r_180000_10000_3000_s68.txt , 2397 , 2574 , 926 , 932 , 220925
merge__Unsort_test3200r_180000_10000_3000_s7.txt , 2678 , 2846 , 1609 , 1610 , 258458
merge__Unsort_test3200r_180000_10000_3000_s768.txt , 2892 , 3024 , 1239 , 1246 , 271467
merge__Unsort_test2200r_180000_10000_3000_s699.txt , 2047 , 2124 , 283 , 283 , 172361
merge__Unsort_test2800r_180000_10000_3000_s16384.txt , 2481 , 2623 , 1080 , 1081 , 219139
merge__Unsort_test2000r_180000_10000_3000_s16384.txt , 1935 , 2070 , 523 , 523 , 186036
merge__Unsort_test2000r_180000_10000_3000_s1048575.txt , 1866 , 2000 , 676 , 678 , 182195
merge__Unsort_test3200r_180000_10000_3000_s9999.txt , 2807 , 2918 , 1652 , 1656 , 255369
merge__Unsort_test2600r_180000_10000_3000_s1048575.txt , 2403 , 2528 , 1259 , 1259 , 221387
merge__Unsort_test2400r_180000_10000_3000_s555.txt , 2200 , 2303 , 416 , 416 , 206915
merge__Unsort_test2800r_180000_10000_3000_s521.txt , 2441 , 2521 , 1127 , 1127 , 213752
merge__Unsort_test2200r_180000_10000_3000_s68.txt , 1840 , 1958 , 53 , 53 , 160867
merge__Unsort_test3200r_180000_10000_3000_s521.txt , 2715 , 2822 , 1491 , 1491 , 256176
merge__Unsort_test2600r_180000_10000_3000_s9999.txt , 2437 , 2562 , 1106 , 1106 , 221796
merge__Unsort_test2800r_180000_10000_3000_s1080.txt , 2600 , 2663 , 1158 , 1158 , 239627
