merge__SortUrgency_test2800r_180000_10000_3000_s1920.txt , 2557 , 2579 , 2 , 2 , 226852
merge__SortUrgency_test2600r_180000_10000_3000_s4192.txt , 2330 , 2450 , 1 , 1 , 229076
merge__SortUrgency_test2600r_180000_10000_3000_s1048575.txt , 2514 , 2622 , 534 , 534 , 230282
merge__SortUrgency_test2000r_180000_10000_3000_s1.txt , 1705 , 1733 , 5 , 5 , 154421
merge__SortUrgency_test2000r_180000_10000_3000_s81.txt , 1793 , 1904 , 2 , 2 , 149127
merge__SortUrgency_test2000r_180000_10000_3000_s777.txt , 1833 , 1879 , 4 , 4 , 175525
merge__SortUrgency_test2800r_180000_10000_3000_s262144.txt , 2402 , 2441 , 351 , 351 , 216391
merge__SortUrgency_test3000r_180000_10000_3000_s1920.txt , 2729 , 2846 , 604 , 604 , 251453
merge__SortUrgency_test2200r_180000_10000_3000_s687.txt , 1954 , 1979 , 5 , 5 , 164139
merge__SortUrgency_test2800r_180000_10000_3000_s12345.txt , 2617 , 2739 , 551 , 551 , 249728
merge__SortUrgency_test3000r_180000_10000_3000_s768.txt , 2567 , 2680 , 831 , 831 , 245463
merge__SortUrgency_test2200r_180000_10000_3000_s678.txt , 2022 , 2089 , 1 , 1 , 180749
merge__SortUrgency_test2400r_180000_10000_3000_s9999.txt , 2316 , 2408 , 4 , 4 , 221537
merge__SortUrgency_test2200r_180000_10000_3000_s521.txt , 2050 , 2159 , 9 , 9 , 197547
merge__SortUrgency_test2200r_180000_10000_3000_s699.txt , 2056 , 2124 , 3 , 3 , 172959
merge__SortUrgency_test3200r_180000_10000_3000_s555.txt , 2567 , 2686 , 517 , 517 , 243061
merge__SortUrgency_test3200r_180000_10000_3000_s104857.txt , 2710 , 2825 , 74 , 74 , 240907
merge__SortUrgency_test2800r_180000_10000_3000_s9999.txt , 2505 , 2639 , 921 , 921 , 237541
merge__SortUrgency_test2400r_180000_10000_3000_s1048575.txt , 2259 , 2295 , 4 , 4 , 194780
merge__SortUrgency_test3200r_180000_10000_3000_s777.txt , 2610 , 2724 , 643 , 643 , 238418
merge__SortUrgency_test3000r_180000_10000_3000_s777.txt , 2483 , 2632 , 736 , 736 , 243888
merge__SortUrgency_test3000r_180000_10000_3000_s9199.txt , 2580 , 2798 , 923 , 923 , 247357
merge__SortUrgency_test3200r_180000_10000_3000_s251.txt , 2823 , 3025 , 1519 , 1519 , 260162
merge__SortUrgency_test2800r_180000_10000_3000_s4192.txt , 2605 , 2694 , 3 , 3 , 236285
merge__SortUrgency_test2400r_180000_10000_3000_s768.txt , 2162 , 2327 , 1 , 1 , 199962
merge__SortUrgency_test2600r_180000_10000_3000_s1990.txt , 2206 , 2358 , 124 , 124 , 216974
merge__SortUrgency_test2200r_180000_10000_3000_s800.txt , 1990 , 2075 , 0 , 0 , 169689
merge__SortUrgency_test3200r_180000_10000_3000_s7.txt , 2576 , 2762 , 950 , 950 , 253357
merge__SortUrgency_test2000r_180000_10000_3000_s9199.txt , 1977 , 1996 , 0 , 0 , 168917
merge__SortUrgency_test2400r_180000_10000_3000_s4192.txt , 2172 , 2257 , 7 , 7 , 217691
merge__SortUrgency_test2400r_180000_10000_3000_s212223.txt , 2146 , 2301 , 1 , 1 , 212434
merge__SortUrgency_test2000r_180000_10000_3000_s262144.txt , 1943 , 1961 , 4 , 4 , 162502
merge__SortUrgency_test3000r_180000_10000_3000_s6.txt , 2497 , 2614 , 750 , 750 , 230825
merge__SortUrgency_test2600r_180000_10000_3000_s81.txt , 2499 , 2708 , 256 , 256 , 230481
merge__SortUrgency_test3000r_180000_10000_3000_s678.txt , 2594 , 2722 , 999 , 999 , 242918
merge__SortUrgency_test3200r_180000_10000_3000_s81.txt , 2486 , 2624 , 856 , 856 , 234045
merge__SortUrgency_test2200r_180000_10000_3000_s333.txt , 2141 , 2238 , 0 , 0 , 182292
merge__SortUrgency_test2400r_180000_10000_3000_s7.txt , 2336 , 2502 , 1 , 1 , 203847
merge__SortUrgency_test2800r_180000_10000_3000_s9199.txt , 2294 , 2426 , 3 , 3 , 208998
merge__SortUrgency_test2000r_180000_10000_3000_s251.txt , 1960 , 2081 , 0 , 0 , 178865
merge__SortUrgency_test2800r_180000_10000_3000_s678.txt , 2254 , 2423 , 619 , 619 , 226388
merge__SortUrgency_test3000r_180000_10000_3000_s555.txt , 2644 , 2757 , 519 , 519 , 233290
merge__SortUrgency_test2600r_180000_10000_3000_s768.txt , 2244 , 2355 , 328 , 328 , 224958
merge__SortUrgency_test2600r_180000_10000_3000_s50.txt , 2558 , 2738 , 899 , 899 , 249548
merge__SortUrgency_test2400r_180000_10000_3000_s1911.txt , 2204 , 2281 , 464 , 464 , 212539
merge__SortUrgency_test2800r_180000_10000_3000_s50.txt , 2539 , 2684 , 566 , 566 , 232333
merge__SortUrgency_test2600r_180000_10000_3000_s687.txt , 2460 , 2676 , 188 , 188 , 253429
merge__SortUrgency_test2000r_180000_10000_3000_s699.txt , 2049 , 2070 , 8 , 8 , 196900
merge__SortUrgency_test3200r_180000_10000_3000_s4192.txt , 2615 , 2705 , 1020 , 1020 , 236810
merge__SortUrgency_test2200r_180000_10000_3000_s555.txt , 2144 , 2297 , 4 , 4 , 194175
merge__SortUrgency_test2200r_180000_10000_3000_s1048575.txt , 2082 , 2147 , 1 , 1 , 180619
merge__SortUrgency_test2600r_180000_10000_3000_s9999.txt , 2462 , 2592 , 4 , 4 , 223224
merge__SortUrgency_test3200r_180000_10000_3000_s1080.txt , 2771 , 2938 , 848 , 848 , 254591
merge__SortUrgency_test3000r_180000_10000_3000_s212223.txt , 2655 , 2840 , 727 , 727 , 249186
merge__SortUrgency_test2800r_180000_10000_3000_s699.txt , 2565 , 2668 , 4 , 4 , 230252
merge__SortUrgency_test3200r_180000_10000_3000_s1048575.txt , 2712 , 2830 , 988 , 988 , 251422
merge__SortUrgency_test2800r_180000_10000_3000_s6.txt , 2416 , 2520 , 13 , 13 , 219316
merge__SortUrgency_test3000r_180000_10000_3000_s7.txt , 2585 , 2696 , 784 , 784 , 254721
merge__SortUrgency_test2000r_180000_10000_3000_s167.txt , 1785 , 1796 , 2 , 2 , 177582
merge__SortUrgency_test2200r_180000_10000_3000_s4192.txt , 1894 , 1958 , 0 , 0 , 172084
merge__SortUrgency_test2400r_180000_10000_3000_s6.txt , 1949 , 2131 , 6 , 6 , 188225
merge__SortUrgency_test2600r_180000_10000_3000_s1.txt , 2383 , 2497 , 283 , 283 , 216434
merge__SortUrgency_test3200r_180000_10000_3000_s1911.txt , 2599 , 2787 , 830 , 830 , 223724
merge__SortUrgency_test2200r_180000_10000_3000_s1080.txt , 1753 , 1801 , 4 , 4 , 171191
merge__SortUrgency_test3000r_180000_10000_3000_s1911.txt , 2582 , 2750 , 1244 , 1244 , 251946
merge__SortUrgency_test2400r_180000_10000_3000_s777.txt , 2099 , 2252 , 2 , 2 , 212899
merge__SortUrgency_test2400r_180000_10000_3000_s1080.txt , 2360 , 2367 , 2 , 2 , 226541
merge__SortUrgency_test2800r_180000_10000_3000_s212223.txt , 2512 , 2707 , 543 , 543 , 248038
merge__SortUrgency_test2000r_180000_10000_3000_s555.txt , 1995 , 2040 , 3 , 3 , 182974
merge__SortUrgency_test2800r_180000_10000_3000_s687.txt , 2707 , 2786 , 540 , 540 , 245361
merge__SortUrgency_test3000r_180000_10000_3000_s4192.txt , 2376 , 2526 , 446 , 446 , 220427
merge__SortUrgency_test3000r_180000_10000_3000_s521.txt , 2534 , 2598 , 4 , 4 , 217373
merge__SortUrgency_test3200r_180000_10000_3000_s687.txt , 2781 , 2906 , 951 , 951 , 263257
merge__SortUrgency_test2600r_180000_10000_3000_s521.txt , 2284 , 2367 , 4 , 4 , 196262
merge__SortUrgency_test2600r_180000_10000_3000_s333.txt , 2235 , 2356 , 544 , 544 , 211849
merge__SortUrgency_test2400r_180000_10000_3000_s16384.txt , 2174 , 2264 , 3 , 3 , 211815
merge__SortUrgency_test2000r_180000_10000_3000_s6.txt , 1893 , 1968 , 5 , 5 , 176216
merge__SortUrgency_test2600r_180000_10000_3000_s262144.txt , 2310 , 2421 , 93 , 93 , 214341
merge__SortUrgency_test2400r_180000_10000_3000_s1990.txt , 2415 , 2595 , 5 , 5 , 221110
merge__SortUrgency_test2200r_180000_10000_3000_s6.txt , 2155 , 2242 , 6 , 6 , 205599
merge__SortUrgency_test2600r_180000_10000_3000_s167.txt , 2497 , 2564 , 2 , 2 , 221959
merge__SortUrgency_test2400r_180000_10000_3000_s521.txt , 2302 , 2361 , 4 , 4 , 210619
merge__SortUrgency_test3000r_180000_10000_3000_s68.txt , 2716 , 2809 , 566 , 566 , 243490
merge__SortUrgency_test2200r_180000_10000_3000_s68.txt , 1866 , 1989 , 3 , 3 , 166118
merge__SortUrgency_test2800r_180000_10000_3000_s1990.txt , 2318 , 2462 , 186 , 186 , 221484
merge__SortUrgency_test2000r_180000_10000_3000_s50.txt , 1978 , 2069 , 2 , 2 , 172777
merge__SortUrgency_test2200r_180000_10000_3000_s9199.txt , 1944 , 1999 , 1 , 1 , 185236
merge__SortUrgency_test2200r_180000_10000_3000_s50.txt , 2171 , 2222 , 2 , 2 , 196868
merge__SortUrgency_test2600r_180000_10000_3000_s777.txt , 2363 , 2481 , 173 , 173 , 208799
merge__SortUrgency_test2000r_180000_10000_3000_s212223.txt , 1939 , 1948 , 0 , 0 , 182192
merge__SortUrgency_test2000r_180000_10000_3000_s9999.txt , 2041 , 2074 , 4 , 4 , 179437
merge__SortUrgency_test3000r_180000_10000_3000_s1990.txt , 2744 , 2897 , 1075 , 1075 , 259248
merge__SortUrgency_test2400r_180000_10000_3000_s1.txt , 2182 , 2255 , 12 , 12 , 206047
merge__SortUrgency_test2200r_180000_10000_3000_s104857.txt , 2220 , 2267 , 2 , 2 , 195969
merge__SortUrgency_test2000r_180000_10000_3000_s678.txt , 1830 , 1914 , 4 , 4 , 161991
merge__SortUrgency_test2600r_180000_10000_3000_s212223.txt , 2352 , 2503 , 569 , 569 , 236918
merge__SortUrgency_test2600r_180000_10000_3000_s6.txt , 2353 , 2461 , 6 , 6 , 212051
merge__SortUrgency_test3200r_180000_10000_3000_s12345.txt , 2799 , 2927 , 585 , 585 , 254521
merge__SortUrgency_test2800r_180000_10000_3000_s555.txt , 2673 , 2826 , 725 , 725 , 244348
merge__SortUrgency_test3200r_180000_10000_3000_s50.txt , 2577 , 2724 , 660 , 660 , 229005
merge__SortUrgency_test2200r_180000_10000_3000_s262144.txt , 2050 , 2116 , 4 , 4 , 195473
merge__SortUrgency_test2400r_180000_10000_3000_s678.txt , 1945 , 2058 , 2 , 2 , 184321
merge__SortUrgency_test2400r_180000_10000_3000_s251.txt , 2348 , 2420 , 2 , 2 , 206633
merge__SortUrgency_test3000r_180000_10000_3000_s104857.txt , 2429 , 2521 , 6 , 6 , 227833
merge__SortUrgency_test2800r_180000_10000_3000_s768.txt , 2783 , 2808 , 910 , 910 , 252774
merge__SortUrgency_test2800r_180000_10000_3000_s81.txt , 2191 , 2280 , 180 , 180 , 199331
merge__SortUrgency_test3000r_180000_10000_3000_s167.txt , 2448 , 2527 , 353 , 353 , 234911
merge__SortUrgency_test2600r_180000_10000_3000_s68.txt , 2405 , 2599 , 612 , 612 , 239965
merge__SortUrgency_test2200r_180000_10000_3000_s251.txt , 2131 , 2235 , 1 , 1 , 185560
merge__SortUrgency_test3200r_180000_10000_3000_s9199.txt , 2634 , 2740 , 1011 , 1011 , 248347
merge__SortUrgency_test2800r_180000_10000_3000_s7.txt , 2396 , 2545 , 818 , 818 , 239497
merge__SortUrgency_test2800r_180000_10000_3000_s333.txt , 2377 , 2650 , 802 , 802 , 227966
merge__SortUrgency_test2400r_180000_10000_3000_s1920.txt , 2397 , 2459 , 5 , 5 , 230862
merge__SortUrgency_test2200r_180000_10000_3000_s1920.txt , 2218 , 2251 , 7 , 7 , 203451
merge__SortUrgency_test2000r_180000_10000_3000_s4192.txt , 1729 , 1797 , 3 , 3 , 148415
merge__SortUrgency_test3200r_180000_10000_3000_s68.txt , 2867 , 3137 , 1232 , 1232 , 265422
merge__SortUrgency_test2000r_180000_10000_3000_s768.txt , 1739 , 1788 , 1 , 1 , 154132
merge__SortUrgency_test2600r_180000_10000_3000_s678.txt , 2423 , 2541 , 517 , 517 , 222647
merge__SortUrgency_test2200r_180000_10000_3000_s16384.txt , 1931 , 2019 , 4 , 4 , 158670
merge__SortUrgency_test2600r_180000_10000_3000_s9199.txt , 2294 , 2374 , 523 , 523 , 221564
merge__SortUrgency_test2800r_180000_10000_3000_s16384.txt , 2494 , 2631 , 514 , 514 , 226666
merge__SortUrgency_test2600r_180000_10000_3000_s699.txt , 2285 , 2364 , 326 , 326 , 229749
merge__SortUrgency_test2400r_180000_10000_3000_s81.txt , 2086 , 2167 , 168 , 168 , 189379
merge__SortUrgency_test3200r_180000_10000_3000_s167.txt , 2739 , 2935 , 811 , 811 , 257160
merge__SortUrgency_test2800r_180000_10000_3000_s1080.txt , 2757 , 2778 , 520 , 520 , 246951
merge__SortUrgency_test2400r_180000_10000_3000_s262144.txt , 2221 , 2259 , 3 , 3 , 198587
merge__SortUrgency_test3000r_180000_10000_3000_s12345.txt , 2630 , 2749 , 283 , 283 , 236035
merge__SortUrgency_test3200r_180000_10000_3000_s1990.txt , 2732 , 2837 , 1294 , 1294 , 255195
merge__SortUrgency_test2800r_180000_10000_3000_s1.txt , 2395 , 2567 , 414 , 414 , 232508
merge__SortUrgency_test2200r_180000_10000_3000_s777.txt , 2131 , 2172 , 2 , 2 , 192476
merge__SortUrgency_test2600r_180000_10000_3000_s555.txt , 2624 , 2733 , 89 , 89 , 233671
merge__SortUrgency_test2400r_180000_10000_3000_s333.txt , 2287 , 2296 , 1 , 1 , 193813
merge__SortUrgency_test2200r_180000_10000_3000_s1911.txt , 1992 , 2125 , 4 , 4 , 181113
merge__SortUrgency_test2000r_180000_10000_3000_s1048575.txt , 1961 , 2036 , 2 , 2 , 187561
merge__SortUrgency_test3000r_180000_10000_3000_s50.txt , 2584 , 2865 , 1291 , 1291 , 252479
merge__SortUrgency_test2600r_180000_10000_3000_s12345.txt , 2239 , 2374 , 272 , 272 , 227222
merge__SortUrgency_test2200r_180000_10000_3000_s167.txt , 2100 , 2135 , 1 , 1 , 197236
merge__SortUrgency_test2000r_180000_10000_3000_s7.txt , 1716 , 1755 , 2 , 2 , 157920
merge__SortUrgency_test3000r_180000_10000_3000_s800.txt , 2503 , 2691 , 38 , 38 , 228416
merge__SortUrgency_test2000r_180000_10000_3000_s333.txt , 1822 , 1887 , 3 , 3 , 159631
merge__SortUrgency_test3200r_180000_10000_3000_s768.txt , 2901 , 3064 , 1069 , 1069 , 272768
merge__SortUrgency_test3200r_180000_10000_3000_s212223.txt , 2535 , 2695 , 313 , 313 , 219123
merge__SortUrgency_test3000r_180000_10000_3000_s699.txt , 2798 , 3020 , 876 , 876 , 262834
merge__SortUrgency_test2200r_180000_10000_3000_s81.txt , 2075 , 2164 , 2 , 2 , 185708
merge__SortUrgency_test2800r_180000_10000_3000_s800.txt , 2599 , 2900 , 618 , 618 , 256945
merge__SortUrgency_test3200r_180000_10000_3000_s521.txt , 2676 , 2806 , 895 , 895 , 253208
merge__SortUrgency_test2400r_180000_10000_3000_s68.txt , 2159 , 2250 , 2 , 2 , 187426
merge__SortUrgency_test2600r_180000_10000_3000_s104857.txt , 2453 , 2571 , 96 , 96 , 225851
merge__SortUrgency_test2600r_180000_10000_3000_s1920.txt , 2404 , 2476 , 1 , 1 , 222790
merge__SortUrgency_test2400r_180000_10000_3000_s555.txt , 2231 , 2287 , 7 , 7 , 208759
merge__SortUrgency_test2600r_180000_10000_3000_s7.txt , 2263 , 2391 , 226 , 226 , 220801
merge__SortUrgency_test2600r_180000_10000_3000_s1080.txt , 2434 , 2556 , 1 , 1 , 204644
merge__SortUrgency_test2800r_180000_10000_3000_s68.txt , 2471 , 2621 , 6 , 6 , 223738
merge__SortUrgency_test2200r_180000_10000_3000_s212223.txt , 2063 , 2063 , 1 , 1 , 174717
merge__SortUrgency_test2000r_180000_10000_3000_s12345.txt , 1887 , 1927 , 3 , 3 , 172202
merge__SortUrgency_test2800r_180000_10000_3000_s1048575.txt , 2509 , 2632 , 494 , 494 , 232612
merge__SortUrgency_test2600r_180000_10000_3000_s1911.txt , 2430 , 2484 , 648 , 648 , 228215
merge__SortUrgency_test2000r_180000_10000_3000_s1990.txt , 1634 , 1667 , 4 , 4 , 158981
merge__SortUrgency_test2800r_180000_10000_3000_s777.txt , 2580 , 2691 , 461 , 461 , 237498
merge__SortUrgency_test2000r_180000_10000_3000_s1911.txt , 1740 , 1752 , 2 , 2 , 145578
merge__SortUrgency_test2000r_180000_10000_3000_s1920.txt , 1935 , 2057 , 4 , 4 , 189006
merge__SortUrgency_test3000r_180000_10000_3000_s9999.txt , 2720 , 2923 , 1272 , 1272 , 258322
merge__SortUrgency_test3000r_180000_10000_3000_s81.txt , 2640 , 2880 , 810 , 810 , 241918
merge__SortUrgency_test2600r_180000_10000_3000_s800.txt , 2333 , 2487 , 5 , 5 , 217072
merge__SortUrgency_test2400r_180000_10000_3000_s167.txt , 2453 , 2483 , 2 , 2 , 222792
merge__SortUrgency_test2400r_180000_10000_3000_s50.txt , 2244 , 2362 , 104 , 104 , 228358
merge__SortUrgency_test2800r_180000_10000_3000_s104857.txt , 2698 , 2816 , 839 , 839 , 249457
merge__SortUrgency_test2400r_180000_10000_3000_s699.txt , 2145 , 2203 , 2 , 2 , 180034
merge__SortUrgency_test2000r_180000_10000_3000_s800.txt , 1720 , 1802 , 2 , 2 , 164195
merge__SortUrgency_test2200r_180000_10000_3000_s1990.txt , 1909 , 1964 , 8 , 8 , 179430
merge__SortUrgency_test2000r_180000_10000_3000_s1080.txt , 1646 , 1722 , 1 , 1 , 157538
merge__SortUrgency_test2800r_180000_10000_3000_s167.txt , 2535 , 2665 , 396 , 396 , 246960
merge__SortUrgency_test3000r_180000_10000_3000_s16384.txt , 2860 , 3008 , 1108 , 1108 , 260043
merge__SortUrgency_test3000r_180000_10000_3000_s1080.txt , 2825 , 2931 , 1190 , 1190 , 277357
merge__SortUrgency_test3200r_180000_10000_3000_s800.txt , 2701 , 2793 , 798 , 798 , 229060
merge__SortUrgency_test2000r_180000_10000_3000_s104857.txt , 1936 , 1985 , 1 , 1 , 185251
merge__SortUrgency_test3200r_180000_10000_3000_s6.txt , 2819 , 2978 , 1152 , 1152 , 273005
merge__SortUrgency_test3000r_180000_10000_3000_s1.txt , 2228 , 2366 , 9 , 9 , 193085
merge__SortUrgency_test2200r_180000_10000_3000_s768.txt , 2186 , 2200 , 0 , 0 , 198279
merge__SortUrgency_test2400r_180000_10000_3000_s800.txt , 2244 , 2355 , 5 , 5 , 203578
merge__SortUrgency_test3200r_180000_10000_3000_s1.txt , 2748 , 2922 , 1080 , 1080 , 256969
merge__SortUrgency_test2000r_180000_10000_3000_s68.txt , 1788 , 1893 , 1 , 1 , 158630
merge__SortUrgency_test3200r_180000_10000_3000_s699.txt , 2735 , 2846 , 1222 , 1222 , 251744
merge__SortUrgency_test2400r_180000_10000_3000_s687.txt , 2212 , 2343 , 309 , 309 , 224431
merge__SortUrgency_test2000r_180000_10000_3000_s16384.txt , 2085 , 2121 , 11 , 11 , 196199
merge__SortUrgency_test2200r_180000_10000_3000_s7.txt , 2116 , 2239 , 7 , 7 , 183600
merge__SortUrgency_test2200r_180000_10000_3000_s9999.txt , 2023 , 2153 , 4 , 4 , 196711
merge__SortUrgency_test2800r_180000_10000_3000_s251.txt , 2323 , 2452 , 767 , 767 , 206747
merge__SortUrgency_test2800r_180000_10000_3000_s1911.txt , 2193 , 2350 , 255 , 255 , 187042
merge__SortUrgency_test3200r_180000_10000_3000_s333.txt , 2832 , 3007 , 974 , 974 , 245774
merge__SortUrgency_test3200r_180000_10000_3000_s16384.txt , 2495 , 2688 , 1280 , 1280 , 224214
merge__SortUrgency_test2200r_180000_10000_3000_s12345.txt , 2123 , 2176 , 3 , 3 , 184039
merge__SortUrgency_test3000r_180000_10000_3000_s251.txt , 2497 , 2572 , 90 , 90 , 205779
merge__SortUrgency_test3000r_180000_10000_3000_s333.txt , 2689 , 2821 , 1083 , 1083 , 243435
merge__SortUrgency_test3000r_180000_10000_3000_s687.txt , 2513 , 2637 , 733 , 733 , 234775
merge__SortUrgency_test2800r_180000_10000_3000_s521.txt , 2439 , 2504 , 280 , 280 , 209291
merge__SortUrgency_test2600r_180000_10000_3000_s251.txt , 2394 , 2574 , 760 , 760 , 199232
merge__SortUrgency_test2400r_180000_10000_3000_s12345.txt , 2271 , 2362 , 4 , 4 , 216419
merge__SortUrgency_test3000r_180000_10000_3000_s262144.txt , 2684 , 2842 , 948 , 948 , 243239
merge__SortUrgency_test3200r_180000_10000_3000_s262144.txt , 2811 , 3029 , 1161 , 1161 , 271182
merge__SortUrgency_test2600r_180000_10000_3000_s16384.txt , 2510 , 2586 , 8 , 8 , 198681
merge__SortUrgency_test3200r_180000_10000_3000_s678.txt , 2581 , 2732 , 1306 , 1306 , 259135
merge__SortUrgency_test2000r_180000_10000_3000_s687.txt , 2070 , 2140 , 4 , 4 , 201772
merge__SortUrgency_test2200r_180000_10000_3000_s1.txt , 2093 , 2255 , 6 , 6 , 190474
merge__SortUrgency_test2400r_180000_10000_3000_s104857.txt , 2136 , 2259 , 4 , 4 , 196178
merge__SortUrgency_test3000r_180000_10000_3000_s1048575.txt , 2619 , 2764 , 540 , 540 , 242473
merge__SortUrgency_test3200r_180000_10000_3000_s9999.txt , 2774 , 2897 , 1036 , 1036 , 259821
merge__SortUrgency_test3200r_180000_10000_3000_s1920.txt , 2579 , 2671 , 638 , 638 , 232177
merge__SortUrgency_test2400r_180000_10000_3000_s9199.txt , 2274 , 2337 , 20 , 20 , 210058
merge__SortUrgency_test2000r_180000_10000_3000_s521.txt , 1703 , 1802 , 3 , 3 , 153364
