unmerge_Unsort_test2600r_180000_10000_3000_s699.txt , 2476 , 2476 , 1072 , 1072 , 240451
unmerge_Unsort_test2800r_180000_10000_3000_s81.txt , 2564 , 2564 , 1603 , 1603 , 243281
unmerge_Unsort_test2400r_180000_10000_3000_s262144.txt , 2344 , 2344 , 1391 , 1391 , 204193
unmerge_Unsort_test3200r_180000_10000_3000_s1048575.txt , 3268 , 3268 , 2393 , 2393 , 295769
unmerge_Unsort_test2400r_180000_10000_3000_s333.txt , 2432 , 2432 , 1075 , 1075 , 210188
unmerge_Unsort_test2200r_180000_10000_3000_s678.txt , 2158 , 2158 , 235 , 235 , 185377
unmerge_Unsort_test2600r_180000_10000_3000_s9199.txt , 2524 , 2524 , 1405 , 1405 , 235664
unmerge_Unsort_test3200r_180000_10000_3000_s6.txt , 3344 , 3344 , 2080 , 2080 , 303990
unmerge_Unsort_test2800r_180000_10000_3000_s1911.txt , 2562 , 2562 , 1443 , 1443 , 202645
unmerge_Unsort_test2400r_180000_10000_3000_s555.txt , 2340 , 2340 , 486 , 486 , 212050
unmerge_Unsort_test2000r_180000_10000_3000_s212223.txt , 2098 , 2098 , 762 , 762 , 216520
unmerge_Unsort_test3200r_180000_10000_3000_s521.txt , 3215 , 3215 , 2026 , 2026 , 293661
unmerge_Unsort_test2000r_180000_10000_3000_s4192.txt , 1838 , 1838 , 101 , 101 , 154731
unmerge_Unsort_test2000r_180000_10000_3000_s699.txt , 2117 , 2117 , 370 , 370 , 201877
unmerge_Unsort_test3000r_180000_10000_3000_s81.txt , 3301 , 3301 , 1946 , 1946 , 280984
unmerge_Unsort_test2000r_180000_10000_3000_s16384.txt , 2169 , 2169 , 875 , 875 , 202347
unmerge_Unsort_test2600r_180000_10000_3000_s50.txt , 2863 , 2863 , 1783 , 1783 , 271789
unmerge_Unsort_test2400r_180000_10000_3000_s16384.txt , 2405 , 2405 , 1102 , 1102 , 246523
unmerge_Unsort_test2800r_180000_10000_3000_s777.txt , 2927 , 2927 , 1664 , 1664 , 259332
unmerge_Unsort_test2200r_180000_10000_3000_s81.txt , 2239 , 2239 , 855 , 855 , 192036
unmerge_Unsort_test2800r_180000_10000_3000_s800.txt , 3036 , 3036 , 1777 , 1777 , 263567
unmerge_Unsort_test2800r_180000_10000_3000_s1080.txt , 3062 , 3062 , 1611 , 1611 , 271854
unmerge_Unsort_test2600r_180000_10000_3000_s687.txt , 2728 , 2728 , 1339 , 1339 , 262647
unmerge_Unsort_test2800r_180000_10000_3000_s212223.txt , 2781 , 2781 , 1392 , 1392 , 257776
unmerge_Unsort_test3000r_180000_10000_3000_s800.txt , 2979 , 2979 , 1760 , 1760 , 255361
unmerge_Unsort_test3200r_180000_10000_3000_s1911.txt , 3247 , 3247 , 2210 , 2210 , 264757
unmerge_Unsort_test2400r_180000_10000_3000_s800.txt , 2459 , 2459 , 1022 , 1022 , 206688
unmerge_Unsort_test3000r_180000_10000_3000_s167.txt , 2792 , 2792 , 1270 , 1270 , 258573
unmerge_Unsort_test2000r_180000_10000_3000_s1920.txt , 2100 , 2100 , 291 , 291 , 195458
unmerge_Unsort_test3000r_180000_10000_3000_s262144.txt , 3050 , 3050 , 1927 , 1927 , 257060
unmerge_Unsort_test3000r_180000_10000_3000_s50.txt , 3089 , 3089 , 2026 , 2026 , 278463
unmerge_Unsort_test2800r_180000_10000_3000_s262144.txt , 2585 , 2585 , 1677 , 1677 , 230722
unmerge_Unsort_test2600r_180000_10000_3000_s555.txt , 2825 , 2825 , 1006 , 1006 , 247825
unmerge_Unsort_test2600r_180000_10000_3000_s1990.txt , 2483 , 2483 , 1226 , 1226 , 235841
unmerge_Unsort_test3200r_180000_10000_3000_s9999.txt , 3267 , 3267 , 2215 , 2215 , 284442
unmerge_Unsort_test2000r_180000_10000_3000_s768.txt , 1865 , 1865 , 232 , 232 , 162329
unmerge_Unsort_test2400r_180000_10000_3000_s678.txt , 2160 , 2160 , 350 , 350 , 190634
unmerge_Unsort_test3200r_180000_10000_3000_s768.txt , 3272 , 3272 , 1634 , 1634 , 297165
unmerge_Unsort_test2000r_180000_10000_3000_s167.txt , 1824 , 1824 , 288 , 288 , 183177
unmerge_Unsort_test2000r_180000_10000_3000_s1048575.txt , 2064 , 2064 , 1021 , 1021 , 194012
unmerge_Unsort_test2200r_180000_10000_3000_s1990.txt , 2046 , 2046 , 679 , 679 , 190648
unmerge_Unsort_test2200r_180000_10000_3000_s262144.txt , 2181 , 2181 , 1245 , 1245 , 211455
unmerge_Unsort_test2600r_180000_10000_3000_s212223.txt , 2580 , 2580 , 1216 , 1216 , 249131
unmerge_Unsort_test2400r_180000_10000_3000_s251.txt , 2619 , 2619 , 1384 , 1384 , 217402
unmerge_Unsort_test2600r_180000_10000_3000_s1920.txt , 2576 , 2576 , 977 , 977 , 233169
unmerge_Unsort_test2200r_180000_10000_3000_s1080.txt , 1966 , 1966 , 529 , 529 , 189866
unmerge_Unsort_test2000r_180000_10000_3000_s333.txt , 1983 , 1983 , 442 , 442 , 175831
unmerge_Unsort_test2600r_180000_10000_3000_s4192.txt , 2555 , 2555 , 1091 , 1091 , 243025
unmerge_Unsort_test2000r_180000_10000_3000_s104857.txt , 2059 , 2059 , 405 , 405 , 190747
unmerge_Unsort_test3200r_180000_10000_3000_s555.txt , 3025 , 3025 , 1590 , 1590 , 274976
unmerge_Unsort_test2400r_180000_10000_3000_s699.txt , 2262 , 2262 , 324 , 324 , 184713
unmerge_Unsort_test3200r_180000_10000_3000_s50.txt , 3315 , 3315 , 2222 , 2222 , 281345
unmerge_Unsort_test2200r_180000_10000_3000_s167.txt , 2196 , 2196 , 404 , 404 , 202044
unmerge_Unsort_test3000r_180000_10000_3000_s1048575.txt , 2873 , 2873 , 1980 , 1980 , 256625
unmerge_Unsort_test2600r_180000_10000_3000_s333.txt , 2474 , 2474 , 1573 , 1573 , 226283
unmerge_Unsort_test2000r_180000_10000_3000_s9199.txt , 2114 , 2114 , 352 , 352 , 179371
unmerge_Unsort_test2600r_180000_10000_3000_s104857.txt , 2632 , 2632 , 1167 , 1167 , 234566
unmerge_Unsort_test3200r_180000_10000_3000_s777.txt , 3294 , 3294 , 1909 , 1909 , 279518
unmerge_Unsort_test2200r_180000_10000_3000_s50.txt , 2253 , 2253 , 1091 , 1091 , 200638
unmerge_Unsort_test2800r_180000_10000_3000_s4192.txt , 3031 , 3031 , 1304 , 1304 , 252567
unmerge_Unsort_test2000r_180000_10000_3000_s521.txt , 1827 , 1827 , 288 , 288 , 155254
unmerge_Unsort_test3200r_180000_10000_3000_s687.txt , 3293 , 3293 , 1623 , 1623 , 300230
unmerge_Unsort_test2200r_180000_10000_3000_s16384.txt , 2053 , 2053 , 298 , 298 , 164311
unmerge_Unsort_test2200r_180000_10000_3000_s104857.txt , 2307 , 2307 , 514 , 514 , 199597
unmerge_Unsort_test2600r_180000_10000_3000_s262144.txt , 2502 , 2502 , 1490 , 1490 , 221116
unmerge_Unsort_test3000r_180000_10000_3000_s68.txt , 3149 , 3149 , 1647 , 1647 , 273958
unmerge_Unsort_test2800r_180000_10000_3000_s1048575.txt , 2780 , 2780 , 1927 , 1927 , 251904
unmerge_Unsort_test2800r_180000_10000_3000_s6.txt , 2869 , 2869 , 1372 , 1372 , 242539
unmerge_Unsort_test2400r_180000_10000_3000_s4192.txt , 2328 , 2328 , 1085 , 1085 , 234306
unmerge_Unsort_test3000r_180000_10000_3000_s6.txt , 2971 , 2971 , 1569 , 1569 , 260566
unmerge_Unsort_test3200r_180000_10000_3000_s251.txt , 3587 , 3587 , 2435 , 2435 , 300750
unmerge_Unsort_test2000r_180000_10000_3000_s6.txt , 2136 , 2136 , 293 , 293 , 185016
unmerge_Unsort_test2800r_180000_10000_3000_s50.txt , 2966 , 2966 , 1760 , 1760 , 245022
unmerge_Unsort_test3200r_180000_10000_3000_s333.txt , 3411 , 3411 , 2311 , 2311 , 275603
unmerge_Unsort_test2000r_180000_10000_3000_s777.txt , 1914 , 1914 , 373 , 373 , 180831
unmerge_Unsort_test3200r_180000_10000_3000_s1990.txt , 3384 , 3384 , 2177 , 2177 , 299253
unmerge_Unsort_test2800r_180000_10000_3000_s555.txt , 2985 , 2985 , 1318 , 1318 , 260479
unmerge_Unsort_test2000r_180000_10000_3000_s1911.txt , 1852 , 1852 , 80 , 80 , 150275
unmerge_Unsort_test3000r_180000_10000_3000_s1911.txt , 3130 , 3130 , 2244 , 2244 , 285363
unmerge_Unsort_test3200r_180000_10000_3000_s4192.txt , 3098 , 3098 , 1733 , 1733 , 260129
unmerge_Unsort_test2400r_180000_10000_3000_s9199.txt , 2502 , 2502 , 1183 , 1183 , 227328
unmerge_Unsort_test3000r_180000_10000_3000_s16384.txt , 3314 , 3314 , 2011 , 2011 , 297897
unmerge_Unsort_test2000r_180000_10000_3000_s7.txt , 1900 , 1900 , 866 , 866 , 179438
unmerge_Unsort_test3200r_180000_10000_3000_s104857.txt , 3157 , 3157 , 1772 , 1772 , 272196
unmerge_Unsort_test2800r_180000_10000_3000_s9999.txt , 2811 , 2811 , 1736 , 1736 , 249610
unmerge_Unsort_test2400r_180000_10000_3000_s1990.txt , 2645 , 2645 , 1280 , 1280 , 232209
unmerge_Unsort_test2000r_180000_10000_3000_s555.txt , 2073 , 2073 , 313 , 313 , 187193
unmerge_Unsort_test3000r_180000_10000_3000_s12345.txt , 2978 , 2978 , 1239 , 1239 , 252583
unmerge_Unsort_test2200r_180000_10000_3000_s777.txt , 2314 , 2314 , 559 , 559 , 203105
unmerge_Unsort_test2200r_180000_10000_3000_s1.txt , 2300 , 2300 , 477 , 477 , 196283
unmerge_Unsort_test3000r_180000_10000_3000_s4192.txt , 2768 , 2768 , 1455 , 1455 , 235126
unmerge_Unsort_test2000r_180000_10000_3000_s9999.txt , 2111 , 2111 , 524 , 524 , 181381
unmerge_Unsort_test2000r_180000_10000_3000_s678.txt , 2013 , 2013 , 260 , 260 , 167694
unmerge_Unsort_test2600r_180000_10000_3000_s16384.txt , 2674 , 2674 , 896 , 896 , 203747
unmerge_Unsort_test2400r_180000_10000_3000_s81.txt , 2312 , 2312 , 1221 , 1221 , 221645
unmerge_Unsort_test3200r_180000_10000_3000_s699.txt , 3175 , 3175 , 1840 , 1840 , 289508
unmerge_Unsort_test2600r_180000_10000_3000_s1080.txt , 2587 , 2587 , 1012 , 1012 , 213442
unmerge_Unsort_test3000r_180000_10000_3000_s678.txt , 2964 , 2964 , 1839 , 1839 , 267388
unmerge_Unsort_test2200r_180000_10000_3000_s1048575.txt , 2193 , 2193 , 1180 , 1180 , 186459
unmerge_Unsort_test2000r_180000_10000_3000_s50.txt , 2080 , 2080 , 634 , 634 , 174405
unmerge_Unsort_test3000r_180000_10000_3000_s7.txt , 2961 , 2961 , 1871 , 1871 , 277644
unmerge_Unsort_test2600r_180000_10000_3000_s678.txt , 2631 , 2631 , 1323 , 1323 , 230647
unmerge_Unsort_test2200r_180000_10000_3000_s9199.txt , 2054 , 2054 , 654 , 654 , 188443
unmerge_Unsort_test2600r_180000_10000_3000_s251.txt , 2644 , 2644 , 1389 , 1389 , 208341
unmerge_Unsort_test2200r_180000_10000_3000_s251.txt , 2369 , 2369 , 833 , 833 , 188921
unmerge_Unsort_test3200r_180000_10000_3000_s9199.txt , 3318 , 3318 , 2105 , 2105 , 295074
unmerge_Unsort_test3200r_180000_10000_3000_s68.txt , 3493 , 3493 , 1997 , 1997 , 297151
unmerge_Unsort_test2000r_180000_10000_3000_s1080.txt , 1760 , 1760 , 206 , 206 , 162040
unmerge_Unsort_test2400r_180000_10000_3000_s104857.txt , 2368 , 2368 , 646 , 646 , 204428
unmerge_Unsort_test2200r_180000_10000_3000_s4192.txt , 2049 , 2049 , 187 , 187 , 180725
unmerge_Unsort_test3000r_180000_10000_3000_s777.txt , 2897 , 2897 , 1918 , 1918 , 283939
unmerge_Unsort_test2400r_180000_10000_3000_s167.txt , 2569 , 2569 , 678 , 678 , 233765
unmerge_Unsort_test2600r_180000_10000_3000_s521.txt , 2412 , 2412 , 892 , 892 , 199860
unmerge_Unsort_test3000r_180000_10000_3000_s212223.txt , 3101 , 3101 , 1568 , 1568 , 268878
unmerge_Unsort_test2200r_180000_10000_3000_s687.txt , 2039 , 2039 , 119 , 119 , 168526
unmerge_Unsort_test3000r_180000_10000_3000_s1920.txt , 3117 , 3117 , 1497 , 1497 , 267508
unmerge_Unsort_test2600r_180000_10000_3000_s1911.txt , 2660 , 2660 , 1569 , 1569 , 237612
unmerge_Unsort_test2400r_180000_10000_3000_s1080.txt , 2566 , 2566 , 1189 , 1189 , 247507
unmerge_Unsort_test2400r_180000_10000_3000_s7.txt , 2581 , 2581 , 1369 , 1369 , 215655
unmerge_Unsort_test2400r_180000_10000_3000_s687.txt , 2417 , 2417 , 956 , 956 , 229085
unmerge_Unsort_test2600r_180000_10000_3000_s777.txt , 2550 , 2550 , 1396 , 1396 , 223772
unmerge_Unsort_test2400r_180000_10000_3000_s9999.txt , 2504 , 2504 , 1288 , 1288 , 228801
unmerge_Unsort_test3000r_180000_10000_3000_s1.txt , 2593 , 2593 , 968 , 968 , 216029
unmerge_Unsort_test2400r_180000_10000_3000_s68.txt , 2443 , 2443 , 743 , 743 , 229573
unmerge_Unsort_test3200r_180000_10000_3000_s800.txt , 3287 , 3287 , 2198 , 2198 , 272801
unmerge_Unsort_test3000r_180000_10000_3000_s9999.txt , 3148 , 3148 , 2135 , 2135 , 282793
unmerge_Unsort_test3200r_180000_10000_3000_s1.txt , 3283 , 3283 , 1875 , 1875 , 291194
unmerge_Unsort_test3000r_180000_10000_3000_s555.txt , 2972 , 2972 , 1272 , 1272 , 252908
unmerge_Unsort_test2200r_180000_10000_3000_s699.txt , 2129 , 2129 , 281 , 281 , 173936
unmerge_Unsort_test2800r_180000_10000_3000_s251.txt , 2662 , 2662 , 1689 , 1689 , 232677
unmerge_Unsort_test2200r_180000_10000_3000_s6.txt , 2344 , 2344 , 895 , 895 , 213876
unmerge_Unsort_test3000r_180000_10000_3000_s1080.txt , 3237 , 3237 , 2040 , 2040 , 320685
unmerge_Unsort_test2800r_180000_10000_3000_s333.txt , 2751 , 2751 , 1947 , 1947 , 242792
unmerge_Unsort_test3200r_180000_10000_3000_s1920.txt , 3112 , 3112 , 1681 , 1681 , 269572
unmerge_Unsort_test3200r_180000_10000_3000_s262144.txt , 3553 , 3553 , 2331 , 2331 , 315756
unmerge_Unsort_test2200r_180000_10000_3000_s7.txt , 2292 , 2292 , 1071 , 1071 , 191007
unmerge_Unsort_test3200r_180000_10000_3000_s212223.txt , 2983 , 2983 , 1318 , 1318 , 239182
unmerge_Unsort_test2800r_180000_10000_3000_s1.txt , 2769 , 2769 , 1303 , 1303 , 249461
unmerge_Unsort_test2200r_180000_10000_3000_s333.txt , 2296 , 2296 , 1053 , 1053 , 188379
unmerge_Unsort_test2200r_180000_10000_3000_s9999.txt , 2211 , 2211 , 921 , 921 , 202643
unmerge_Unsort_test2000r_180000_10000_3000_s251.txt , 2148 , 2148 , 808 , 808 , 184172
unmerge_Unsort_test2400r_180000_10000_3000_s521.txt , 2456 , 2456 , 1119 , 1119 , 224967
unmerge_Unsort_test3200r_180000_10000_3000_s7.txt , 3215 , 3215 , 2191 , 2191 , 297292
unmerge_Unsort_test3200r_180000_10000_3000_s1080.txt , 3388 , 3388 , 1853 , 1853 , 286411
unmerge_Unsort_test2800r_180000_10000_3000_s1920.txt , 2726 , 2726 , 991 , 991 , 247438
unmerge_Unsort_test2800r_180000_10000_3000_s167.txt , 2824 , 2824 , 1225 , 1225 , 261266
unmerge_Unsort_test2200r_180000_10000_3000_s521.txt , 2247 , 2247 , 762 , 762 , 206913
unmerge_Unsort_test3200r_180000_10000_3000_s81.txt , 3154 , 3154 , 2008 , 2008 , 274173
unmerge_Unsort_test3000r_180000_10000_3000_s768.txt , 2898 , 2898 , 1425 , 1425 , 274287
unmerge_Unsort_test2600r_180000_10000_3000_s9999.txt , 2647 , 2647 , 1546 , 1546 , 228813
unmerge_Unsort_test2000r_180000_10000_3000_s262144.txt , 2026 , 2026 , 866 , 866 , 167203
unmerge_Unsort_test2400r_180000_10000_3000_s50.txt , 2535 , 2535 , 1477 , 1477 , 248969
unmerge_Unsort_test2800r_180000_10000_3000_s7.txt , 2729 , 2729 , 1732 , 1732 , 257764
unmerge_Unsort_test2000r_180000_10000_3000_s12345.txt , 1956 , 1956 , 240 , 240 , 176472
unmerge_Unsort_test2000r_180000_10000_3000_s687.txt , 2183 , 2183 , 579 , 579 , 206529
unmerge_Unsort_test2200r_180000_10000_3000_s555.txt , 2357 , 2357 , 362 , 362 , 200223
unmerge_Unsort_test2400r_180000_10000_3000_s777.txt , 2306 , 2306 , 1123 , 1123 , 223996
unmerge_Unsort_test2600r_180000_10000_3000_s167.txt , 2629 , 2629 , 777 , 777 , 231144
unmerge_Unsort_test2800r_180000_10000_3000_s12345.txt , 2879 , 2879 , 1348 , 1348 , 266683
unmerge_Unsort_test3000r_180000_10000_3000_s1990.txt , 3080 , 3080 , 1965 , 1965 , 285232
unmerge_Unsort_test3000r_180000_10000_3000_s251.txt , 2975 , 2975 , 1942 , 1942 , 245268
unmerge_Unsort_test2800r_180000_10000_3000_s68.txt , 2768 , 2768 , 1207 , 1207 , 234217
unmerge_Unsort_test2800r_180000_10000_3000_s1990.txt , 2543 , 2543 , 1415 , 1415 , 230118
unmerge_Unsort_test2600r_180000_10000_3000_s800.txt , 2641 , 2641 , 1436 , 1436 , 228279
unmerge_Unsort_test2200r_180000_10000_3000_s768.txt , 2365 , 2365 , 915 , 915 , 219972
unmerge_Unsort_test2800r_180000_10000_3000_s9199.txt , 2611 , 2611 , 1268 , 1268 , 221969
unmerge_Unsort_test2600r_180000_10000_3000_s7.txt , 2505 , 2505 , 1424 , 1424 , 241264
unmerge_Unsort_test2800r_180000_10000_3000_s678.txt , 2675 , 2675 , 1618 , 1618 , 241516
unmerge_Unsort_test2600r_180000_10000_3000_s68.txt , 2687 , 2687 , 1282 , 1282 , 263349
unmerge_Unsort_test2600r_180000_10000_3000_s1048575.txt , 2732 , 2732 , 1786 , 1786 , 244977
unmerge_Unsort_test2000r_180000_10000_3000_s68.txt , 1912 , 1912 , 37 , 37 , 161395
unmerge_Unsort_test3200r_180000_10000_3000_s167.txt , 3244 , 3244 , 1610 , 1610 , 278186
unmerge_Unsort_test2600r_180000_10000_3000_s6.txt , 2609 , 2609 , 1035 , 1035 , 225695
unmerge_Unsort_test2600r_180000_10000_3000_s1.txt , 2531 , 2531 , 994 , 994 , 223521
unmerge_Unsort_test2400r_180000_10000_3000_s212223.txt , 2382 , 2382 , 933 , 933 , 219805
unmerge_Unsort_test2200r_180000_10000_3000_s800.txt , 2118 , 2118 , 557 , 557 , 172584
unmerge_Unsort_test2400r_180000_10000_3000_s6.txt , 2205 , 2205 , 810 , 810 , 193876
unmerge_Unsort_test2000r_180000_10000_3000_s800.txt , 1818 , 1818 , 403 , 403 , 166695
unmerge_Unsort_test2000r_180000_10000_3000_s1.txt , 1758 , 1758 , 138 , 138 , 157389
unmerge_Unsort_test2400r_180000_10000_3000_s1920.txt , 2558 , 2558 , 936 , 936 , 238323
unmerge_Unsort_test2400r_180000_10000_3000_s12345.txt , 2472 , 2472 , 855 , 855 , 223743
unmerge_Unsort_test2800r_180000_10000_3000_s16384.txt , 2829 , 2829 , 1469 , 1469 , 251514
unmerge_Unsort_test2400r_180000_10000_3000_s768.txt , 2424 , 2424 , 656 , 656 , 210011
unmerge_Unsort_test3000r_180000_10000_3000_s699.txt , 3156 , 3156 , 1893 , 1893 , 279230
unmerge_Unsort_test2400r_180000_10000_3000_s1.txt , 2388 , 2388 , 929 , 929 , 223168
unmerge_Unsort_test2000r_180000_10000_3000_s81.txt , 1964 , 1964 , 422 , 422 , 157414
unmerge_Unsort_test2200r_180000_10000_3000_s68.txt , 2020 , 2020 , 56 , 56 , 168337
unmerge_Unsort_test2800r_180000_10000_3000_s768.txt , 3090 , 3090 , 1539 , 1539 , 282448
unmerge_Unsort_test2800r_180000_10000_3000_s699.txt , 2812 , 2812 , 1261 , 1261 , 244329
unmerge_Unsort_test3000r_180000_10000_3000_s9199.txt , 3078 , 3078 , 1904 , 1904 , 270194
unmerge_Unsort_test2200r_180000_10000_3000_s1920.txt , 2261 , 2261 , 288 , 288 , 204279
unmerge_Unsort_test3000r_180000_10000_3000_s333.txt , 3064 , 3064 , 2014 , 2014 , 260970
unmerge_Unsort_test2600r_180000_10000_3000_s81.txt , 2736 , 2736 , 1415 , 1415 , 235318
unmerge_Unsort_test2200r_180000_10000_3000_s212223.txt , 2228 , 2228 , 514 , 514 , 196499
unmerge_Unsort_test2400r_180000_10000_3000_s1048575.txt , 2359 , 2359 , 1270 , 1270 , 199575
unmerge_Unsort_test3200r_180000_10000_3000_s16384.txt , 3081 , 3081 , 1879 , 1879 , 254611
unmerge_Unsort_test3000r_180000_10000_3000_s521.txt , 3005 , 3005 , 1494 , 1494 , 239361
unmerge_Unsort_test2000r_180000_10000_3000_s1990.txt , 1682 , 1682 , 152 , 152 , 160170
unmerge_Unsort_test3200r_180000_10000_3000_s12345.txt , 3313 , 3313 , 1558 , 1558 , 280653
unmerge_Unsort_test3200r_180000_10000_3000_s678.txt , 3074 , 3074 , 2101 , 2101 , 301538
unmerge_Unsort_test2200r_180000_10000_3000_s1911.txt , 2174 , 2174 , 892 , 892 , 188330
unmerge_Unsort_test2800r_180000_10000_3000_s104857.txt , 2990 , 2990 , 1545 , 1545 , 260215
unmerge_Unsort_test2200r_180000_10000_3000_s12345.txt , 2231 , 2231 , 348 , 348 , 191602
unmerge_Unsort_test2600r_180000_10000_3000_s12345.txt , 2482 , 2482 , 973 , 973 , 241023
unmerge_Unsort_test3000r_180000_10000_3000_s104857.txt , 2803 , 2803 , 1457 , 1457 , 248391
unmerge_Unsort_test2800r_180000_10000_3000_s687.txt , 2927 , 2927 , 1185 , 1185 , 249202
unmerge_Unsort_test3000r_180000_10000_3000_s687.txt , 2834 , 2834 , 1084 , 1084 , 255658
unmerge_Unsort_test2400r_180000_10000_3000_s1911.txt , 2478 , 2478 , 1421 , 1421 , 234223
unmerge_Unsort_test2800r_180000_10000_3000_s521.txt , 2733 , 2733 , 1492 , 1492 , 228157
unmerge_Unsort_test2600r_180000_10000_3000_s768.txt , 2560 , 2560 , 1082 , 1082 , 241633
