759.0,77,0,0,759.0,177039,785.0,40.348840719,5
3528.0,96,2,0,2769.0,299331,2625.0,108.554073356,4
3903.0,79,2,0,375.0,499471,381.0,28.5020313219,4
800.0,77,1,1,800.0,177041,799.0,36.556049251,4
3359.0,96,5,1,2559.0,299337,2590.0,84.0933065739,3
3743.0,79,0,1,384.0,499467,399.0,39.9978946814,5
791.0,77,2,2,791.0,177043,781.0,38.5194414344,4
3432.0,96,0,2,2641.0,299327,2569.0,193.620158531,5
6001.0,96,8,2,2569.0,299343,2581.0,115.656205604,2
768.0,77,3,3,768.0,177045,787.0,31.8514231691,3
3548.0,96,3,3,2780.0,299333,2639.0,104.020949307,3
4184.0,41,0,3,636.0,289507,635.0,41.7686296286,5
765.0,77,4,4,765.0,177047,781.0,36.0363851216,3
3429.0,96,1,4,2664.0,299329,2627.0,92.3976531942,4
3834.0,79,1,4,405.0,499469,390.0,26.1007662723,4
821.0,77,5,5,821.0,177049,772.0,35.8817869062,3
1553.0,77,8,5,732.0,177055,762.0,39.296812513,2
4128.0,96,6,5,2575.0,299339,2549.0,81.9870978296,2
864.0,77,6,6,864.0,177051,789.0,44.1486722695,2
3507.0,96,4,6,2643.0,299335,2591.0,80.0148670396,3
6006.0,96,9,6,2499.0,299345,2524.0,77.1129724905,2
762.0,77,7,7,762.0,177053,776.0,38.920161194,2
1511.0,77,9,7,749.0,177057,762.0,36.8875959754,2
4034.0,96,7,7,2523.0,299341,2634.0,96.5287521933,2
4646.0,41,1,0,743.0,289509,807.0,34.7440263703,4
5610.0,41,9,0,964.0,289525,980.0,53.7856124374,2
13987.0,70,4,0,8377.0,600480,8173.0,201.625884669,3
4619.0,41,2,1,876.0,289511,891.0,40.9393325223,4
5179.0,45,4,1,560.0,504618,539.0,23.6337737816,3
5790.0,45,8,1,611.0,504626,641.0,29.7514263258,2
6883.0,41,3,2,882.0,289513,864.0,32.2415227536,3
7458.0,45,1,2,575.0,504612,582.0,37.3972627763,4
9369.0,70,0,2,1911.0,600472,1848.0,85.6243171314,5
5079.0,41,4,3,895.0,289515,858.0,28.9908787834,3
5676.0,45,0,3,597.0,504610,583.0,29.3427566602,5
6347.0,45,9,3,671.0,504628,668.0,37.5163122416,2
4745.0,41,5,4,911.0,289517,865.0,32.5642684387,3
5246.0,45,3,4,501.0,504616,508.0,33.2003091298,3
5849.0,45,7,4,603.0,504624,592.0,27.8009371292,2
4967.0,41,6,5,839.0,289519,864.0,45.0116651547,2
5597.0,45,2,5,630.0,504614,623.0,34.122804537,4
8203.0,70,1,5,2606.0,600474,2405.0,92.0035897469,4
6791.0,41,7,6,785.0,289521,911.0,44.8129151966,2
7415.0,45,6,6,624.0,504622,645.0,32.7303175086,2
17365.0,70,3,6,9950.0,600478,9859.0,370.375382125,3
4930.0,41,8,7,896.0,289523,904.0,32.3146943926,2
5577.0,45,5,7,647.0,504620,614.0,27.0057985976,3
15465.0,70,2,7,9888.0,600476,10108.0,493.899145362,4
19427.0,70,5,0,5440.0,600482,5534.0,197.928821603,3
20127.0,59,0,0,700.0,55360,680.0,35.9582726006,5
20816.0,59,2,0,689.0,55364,714.0,30.0709249328,4
11270.0,70,6,1,5264.0,600484,5408.0,213.73062239,2
13059.0,84,9,1,1789.0,255218,1755.0,76.9161539395,2
13832.0,59,4,1,773.0,55368,717.0,42.7825284064,3
15360.0,70,7,2,5991.0,600486,5967.0,140.876009313,2
16142.0,59,1,2,782.0,55362,727.0,27.8424136885,4
16806.0,59,3,2,664.0,55366,717.0,29.4509404729,3
14291.0,70,8,3,7944.0,600488,7908.0,338.458000971,2
14910.0,59,5,3,619.0,55370,699.0,40.2289173291,3
15546.0,59,6,3,636.0,55372,703.0,39.1214034836,2
14553.0,70,9,4,8547.0,600490,8807.0,303.441640101,2
15269.0,59,7,4,716.0,55374,704.0,32.0606333457,2
15934.0,59,8,4,665.0,55376,713.0,45.2837544938,2
9222.0,84,0,5,1019.0,255200,993.0,52.1438041937,5
10718.0,84,3,5,1496.0,255206,1371.0,57.0573119075,3
12364.0,84,7,5,1646.0,255214,1600.0,69.6699738995,2
18757.0,84,1,6,1392.0,255202,1296.0,69.1028790626,4
19992.0,84,5,6,1235.0,255210,1264.0,49.8397431775,3
21762.0,84,8,6,1770.0,255216,1711.0,83.4609741767,2
16487.0,84,2,7,1022.0,255204,1148.0,53.4457669044,4
17196.0,84,4,7,709.0,255208,709.0,37.1388220769,3
18586.0,84,6,7,1390.0,255212,1426.0,71.161861459,2
21483.0,59,9,0,667.0,55378,700.0,30.5882674446,2
23867.0,12,0,0,2384.0,15853,2349.0,42.8835326019,5
26293.0,12,1,0,2426.0,15855,2408.0,73.9614942492,4
30266.0,26,0,1,12901.0,409288,12539.0,279.630936283,5
32576.0,12,4,1,2310.0,15861,2275.0,46.1258005208,3
33486.0,73,6,1,910.0,17523,889.0,43.4765514538,2
30255.0,26,1,2,12890.0,409290,12772.0,267.292152404,4
32401.0,12,5,2,2146.0,15863,2176.0,56.1900909039,3
33302.0,73,7,2,901.0,17525,889.0,59.1514336704,2
29350.0,26,2,3,11985.0,409292,12120.0,346.031923535,4
31683.0,12,2,3,2333.0,15857,2301.0,46.086046524,4
32522.0,73,4,3,839.0,17519,856.0,35.4020516801,3
30647.0,26,3,4,13282.0,409294,12486.0,398.507333354,3
32914.0,12,3,4,2267.0,15859,2264.0,48.5066191902,3
33823.0,73,5,4,909.0,17521,879.0,38.7155279605,3
30009.0,26,4,5,12644.0,409296,12852.0,344.291736758,3
30594.0,12,6,5,585.0,15865,575.0,29.1068358764,2
31495.0,73,1,5,901.0,17513,860.0,41.3855746544,4
34478.0,26,5,6,12716.0,409298,13040.0,284.310801024,3
35421.0,73,0,6,943.0,17511,915.0,55.2821471135,5
36353.0,73,2,6,932.0,17515,895.0,36.8133271062,4
32726.0,26,6,7,14140.0,409300,14173.0,488.132100326,2
33653.0,73,3,7,927.0,17517,922.0,42.6862482478,3
34478.0,73,8,7,825.0,17527,874.0,49.7322039051,2
27145.0,73,9,0,852.0,17529,897.0,46.547542193,2
28910.0,8,7,0,1765.0,24655,1762.0,46.6683708962,2
29656.0,49,2,0,746.0,15066,758.0,35.0031577523,4
35792.0,8,0,1,2306.0,24641,2285.0,50.7589504682,5
47754.0,14,0,1,11962.0,49328,11744.0,309.606452231,5
48433.0,27,5,1,679.0,23124,719.0,33.7381168164,3
35690.0,8,1,2,2388.0,24643,2350.0,69.9156446614,4
47233.0,14,1,2,11543.0,49330,11334.0,357.216343116,4
47914.0,27,3,2,681.0,23120,703.0,35.1185585965,3
34926.0,8,2,3,2404.0,24645,2443.0,65.2714776106,4
46708.0,14,2,3,11782.0,49332,11540.0,343.689333403,4
47402.0,27,4,3,694.0,23122,706.0,25.6459189325,3
36526.0,8,3,4,2703.0,24647,2614.0,75.4295767762,3
37284.0,49,1,4,758.0,15064,725.0,37.3284144629,4
38002.0,27,0,4,718.0,23114,734.0,25.3098690965,5
34144.0,8,4,5,2649.0,24649,2667.0,59.5884128616,3
34991.0,49,3,5,847.0,15068,778.0,43.035450503,3
35720.0,27,1,5,729.0,23116,713.0,16.6918669133,4
38797.0,8,5,6,2444.0,24651,2565.0,64.408462177,3
39517.0,49,0,6,720.0,15062,704.0,27.8059062261,5
40338.0,49,4,6,821.0,15070,785.0,34.8915236276,3
36908.0,8,6,7,2430.0,24653,2457.0,60.9102877837,2
44865.0,14,3,7,7957.0,49334,7954.0,273.76514618,3
45601.0,27,2,7,736.0,23118,715.0,32.5703691623,4
37051.0,27,6,0,698.0,23126,703.0,25.7748857775,2
37776.0,21,7,0,725.0,29405,774.0,57.3823739671,2
52758.0,50,6,0,14982.0,78439,14703.0,358.075028892,2
49029.0,27,7,1,596.0,23128,611.0,27.9828424876,2
49807.0,21,1,1,778.0,29393,759.0,47.986730622,4
63756.0,50,0,1,13949.0,78427,14227.0,443.093740825,5
48623.0,5,0,2,709.0,19844,659.0,60.9692761281,5
49451.0,21,6,2,828.0,29403,775.0,31.8572473784,2
66928.0,50,5,2,17477.0,78437,17753.0,871.713974094,3
48054.0,5,1,3,652.0,19846,638.0,25.2166924664,4
48865.0,21,5,3,811.0,29401,795.0,38.5479878648,3
64561.0,50,4,3,15696.0,78435,16762.0,785.19642028,3
38649.0,5,2,4,647.0,19848,620.0,26.4354228063,4
39459.0,21,2,4,810.0,29395,784.0,38.5539608178,4
55219.0,50,3,4,15760.0,78433,16553.0,434.061225369,3
37006.0,5,3,5,653.0,19850,626.0,22.2175843113,3
37819.0,21,3,5,813.0,29397,768.0,36.963139534,3
53691.0,50,2,5,15872.0,78431,15706.0,331.311504717,4
40986.0,5,4,6,648.0,19852,634.0,26.9539568426,3
41748.0,21,4,6,762.0,29399,737.0,32.9182000531,3
58051.0,50,1,6,16303.0,78429,15154.0,1178.92491056,4
45918.0,5,5,7,317.0,19854,315.0,21.0460022457,3
46693.0,21,0,7,775.0,29391,749.0,35.8404358526,5
46995.0,21,8,7,302.0,29407,318.0,20.4591377088,2
53423.0,71,0,0,665.0,52620,714.0,29.0467409169,5
54906.0,40,4,0,1483.0,57656,1560.0,37.9098654012,3
55247.0,99,2,0,341.0,54315,372.0,15.8056452273,4
64431.0,71,1,1,675.0,52622,709.0,42.4987925525,4
65906.0,40,3,1,1475.0,57654,1534.0,44.9871034151,3
66270.0,99,0,1,364.0,54311,360.0,22.8124504325,5
67597.0,71,2,2,669.0,52624,698.0,35.0300247156,4
69171.0,40,1,2,1574.0,57650,1610.0,43.3508028214,4
69617.0,99,3,2,446.0,54317,398.0,23.5414528014,3
65285.0,71,3,3,724.0,52626,693.0,45.5734225411,3
66781.0,40,0,3,1496.0,57648,1522.0,44.4191755652,5
68201.0,40,9,3,1420.0,57666,1349.0,45.3737693758,2
55882.0,71,4,4,663.0,52628,658.0,22.9288946643,3
56700.0,71,8,4,818.0,52636,835.0,43.2075468554,2
58022.0,40,7,4,1322.0,57662,1241.0,41.3952387295,2
54357.0,71,5,5,666.0,52630,680.0,35.217033857,3
55147.0,71,9,5,790.0,52638,788.0,39.903139304,2
56469.0,40,6,5,1322.0,57660,1266.0,58.3861014464,2
58809.0,71,6,6,758.0,52632,735.0,32.6272407982,2
60298.0,40,5,6,1489.0,57658,1537.0,48.0353762182,3
60687.0,99,1,6,389.0,54313,361.0,33.7378048142,4
49158.0,71,7,7,725.0,52634,702.0,35.7564863457,2
50707.0,40,2,7,1549.0,57652,1511.0,35.2513904168,4
51804.0,40,8,7,1097.0,57664,1116.0,37.492841422,2
67336.0,99,4,0,408.0,54319,406.0,18.6532768393,3
77736.0,46,4,0,10400.0,81424,10509.0,302.153167851,3
89653.0,46,9,0,11917.0,81434,11188.0,365.916383891,2
67327.0,99,5,1,399.0,54321,392.0,19.0591875897,3
79598.0,46,3,1,12271.0,81422,12425.0,615.320564721,3
80199.0,19,5,1,601.0,65916,605.0,32.6285312668,3
70034.0,99,6,2,417.0,54323,427.0,25.6198935862,2
81145.0,46,7,2,11111.0,81430,11936.0,475.242373067,2
81733.0,19,2,2,588.0,65910,586.0,32.2961623922,4
68618.0,99,7,3,417.0,54325,414.0,19.8369007554,2
79077.0,46,6,3,10459.0,81428,10830.0,349.293614238,2
79661.0,19,0,3,584.0,65906,576.0,28.3702494284,5
67347.0,99,8,4,419.0,54327,412.0,18.0930344259,2
76868.0,46,5,4,9521.0,81426,9580.0,341.422330691,3
88370.0,46,8,4,11502.0,81432,11510.0,400.268761683,2
67264.0,99,9,5,336.0,54329,363.0,17.478633573,2
79295.0,46,2,5,12031.0,81420,12217.0,419.409434424,4
79872.0,19,3,5,577.0,65912,597.0,26.7150657278,3
78516.0,46,0,6,11588.0,81416,12207.0,386.208506543,5
79111.0,19,1,6,595.0,65908,583.0,28.4842985372,4
79722.0,19,4,6,611.0,65914,594.0,25.8099837884,3
81180.0,46,1,7,14252.0,81418,13392.0,469.772383294,4
81796.0,19,6,7,616.0,65918,599.0,42.228046305,2
82101.0,19,7,7,305.0,65920,295.0,16.7281672322,2
96607.0,82,0,0,6954.0,95231,6647.0,203.283830615,5
96744.0,13,4,0,137.0,79891,142.0,16.9825762102,3
97331.0,85,0,0,587.0,81070,591.0,30.903244592,5
88059.0,82,1,1,7860.0,95233,7618.0,204.261081642,4
88853.0,85,1,1,794.0,81072,760.0,39.8032992549,4
89560.0,85,2,1,707.0,81074,655.0,33.6067035919,4
91953.0,82,2,2,10220.0,95235,10351.0,247.76232244,4
92712.0,85,3,2,759.0,81076,765.0,23.6587026383,3
93066.0,85,4,2,354.0,81078,349.0,22.6008849384,3
82007.0,82,3,3,2346.0,95237,2576.0,84.518387909,3
83798.0,56,8,3,1791.0,78831,1742.0,61.1163471973,2
84286.0,13,3,3,488.0,79889,498.0,25.5726004688,3
90090.0,56,0,4,1720.0,78815,1648.0,48.7592366418,5
91761.0,56,4,4,1671.0,78823,1751.0,57.670091674,3
93462.0,56,9,4,1701.0,78833,1721.0,41.1398129617,2
81594.0,56,1,5,1722.0,78817,1723.0,55.9393468528,4
83325.0,56,5,5,1731.0,78825,1765.0,94.800288696,3
83716.0,13,1,5,391.0,79885,471.0,27.960498452,4
81520.0,56,2,6,1798.0,78819,1749.0,53.9657542482,4
83225.0,56,6,6,1705.0,78827,1732.0,43.738788037,2
83796.0,13,0,6,571.0,79883,544.0,31.713520278,5
83949.0,56,3,7,1848.0,78821,1792.0,54.6056436258,3
85673.0,56,7,7,1724.0,78829,1739.0,50.6776188532,2
86128.0,13,2,7,455.0,79887,475.0,24.2427959999,4
97756.0,85,5,0,425.0,81080,447.0,25.1404475947,3
98743.0,51,3,0,987.0,94540,988.0,36.0664226408,3
99626.0,83,4,0,883.0,97074,872.0,46.4026995585,3
90218.0,85,6,1,565.0,81082,577.0,29.1660852072,2
91265.0,51,4,1,1047.0,94542,1014.0,33.9248007402,3
92046.0,83,5,1,781.0,97076,831.0,37.1793660941,3
93691.0,85,7,2,625.0,81084,599.0,35.4122711411,2
94788.0,51,5,2,1097.0,94544,1072.0,50.0594120705,3
95634.0,83,6,2,846.0,97078,841.0,41.8655429227,2
90338.0,85,8,3,685.0,81086,685.0,25.2740765878,2
91340.0,51,6,3,1002.0,94546,1017.0,33.7206402511,2
92144.0,83,7,3,804.0,97080,790.0,41.488616067,2
94238.0,85,9,4,776.0,81088,748.0,37.8833041965,2
94875.0,51,7,4,637.0,94548,567.0,37.0039471579,2
95746.0,83,3,4,871.0,97072,859.0,36.0708002625,3
90556.0,51,0,5,903.0,94534,921.0,35.5674304001,5
91412.0,83,0,5,856.0,97066,847.0,33.5274828352,5
92371.0,83,8,5,959.0,97082,985.0,38.4385702675,2
90578.0,51,1,6,925.0,94536,1040.0,44.9377054201,4
91484.0,83,2,6,906.0,97070,817.0,41.3257597759,4
92246.0,83,9,6,762.0,97084,720.0,44.2795842228,2
90716.0,51,2,7,1063.0,94538,1029.0,38.2905787506,4
91561.0,83,1,7,845.0,97068,829.0,38.230739905,4
99541.0,86,0,7,7980.0,125170,7725.0,216.689026512,5
110148.0,86,1,0,10522.0,125172,12098.0,569.394498337,4
109483.0,86,2,1,12152.0,125174,12130.0,464.230217389,4
109438.0,86,3,2,12107.0,125176,12702.0,344.408478409,3
102166.0,86,4,3,4835.0,125178,4978.0,134.216978689,3
115493.0,86,9,3,13327.0,125188,13115.0,247.422773704,2
110486.0,86,5,4,13155.0,125180,13224.0,347.470843154,3
116400.0,86,6,5,19069.0,125182,18289.0,544.13996603,2
114222.0,86,7,6,16891.0,125184,17324.0,415.744341988,2
119267.0,86,8,7,19726.0,125186,20009.0,432.702556766,2
111370.0,32,0,0,1222.0,111096,1223.0,25.6988633785,5
110574.0,32,1,1,1091.0,111098,1123.0,33.9614332349,4
110531.0,32,2,2,1093.0,111100,1069.0,30.9251643403,4
116433.0,32,3,3,940.0,111102,1023.0,31.0539005093,3
111480.0,32,4,4,994.0,111104,1016.0,26.7495204089,3
116934.0,32,5,5,534.0,111106,543.0,17.0506983959,3
132849.0,54,0,0,13582.0,163498,12910.0,433.593366987,5
131617.0,54,1,1,12350.0,163500,12114.0,331.245814273,4
141865.0,54,9,1,10248.0,163516,10015.0,319.114115045,2
132318.0,54,2,2,13051.0,163502,13158.0,480.25233225,4
133409.0,54,3,3,14142.0,163504,13553.0,404.269243268,3
133011.0,54,4,4,13744.0,163506,13536.0,343.576253698,3
132496.0,54,5,5,13229.0,163508,13780.0,337.12928568,3
132923.0,54,6,6,13656.0,163510,13727.0,297.26098758,2
130323.0,54,7,7,11056.0,163512,11351.0,263.688866699,2
140434.0,54,8,7,10111.0,163514,10176.0,328.705291136,2
133498.0,87,0,0,649.0,146655,601.0,32.3965560223,5
135686.0,36,1,0,2188.0,146925,2209.0,52.0130297441,4
138362.0,36,8,0,2676.0,146939,2625.0,79.9290968691,2
142351.0,87,1,1,486.0,146657,496.0,33.1890914228,4
142812.0,87,8,1,461.0,146671,494.0,22.481044647,2
145596.0,36,6,1,2784.0,146935,2881.0,80.6950073457,2
132997.0,87,2,2,679.0,146659,709.0,36.5885731371,4
135686.0,36,2,2,2689.0,146927,2635.0,81.6358248243,4
144346.0,74,0,2,8660.0,181428,8673.0,259.851171979,5
134216.0,87,3,3,807.0,146661,791.0,40.68544289,3
136754.0,36,5,3,2538.0,146933,2610.0,68.9125112772,3
144986.0,74,3,3,8232.0,181434,7968.0,217.253786836,3
133766.0,87,4,4,755.0,146663,710.0,41.9225790187,3
136396.0,36,3,4,2630.0,146929,2655.0,84.1047435924,3
144950.0,74,2,4,8554.0,181432,7977.0,190.178171308,4
133187.0,87,5,5,691.0,146665,715.0,31.0451284423,3
135655.0,36,4,5,2468.0,146931,2641.0,100.582723221,3
144161.0,74,1,5,8506.0,181430,8417.0,207.176151848,4
133537.0,87,6,6,614.0,146667,547.0,32.2766006167,2
135798.0,36,0,6,2261.0,146923,2354.0,75.2305054308,5
138486.0,36,9,6,2688.0,146941,2719.0,53.9593170336,2
140955.0,87,7,7,521.0,146669,496.0,30.8213869697,2
141483.0,87,9,7,528.0,146673,504.0,24.8587589138,2
144237.0,36,7,7,2754.0,146937,2865.0,97.0313432812,2
150077.0,74,4,0,8212.0,181436,8021.0,221.977950541,3
153599.0,74,5,1,8003.0,181438,8120.0,204.055436224,3
151732.0,74,6,2,7386.0,181440,7682.0,214.800880867,2
152535.0,74,7,3,7549.0,181442,7526.0,239.244969149,2
152954.0,74,8,4,8004.0,181444,7679.0,198.404922212,2
151644.0,74,9,5,7483.0,181446,7669.0,259.336400108,2
152878.0,16,0,0,2801.0,161147,2820.0,52.1470340278,5
156417.0,16,1,1,2818.0,161149,2865.0,68.1650473792,4
154539.0,16,2,2,2807.0,161151,2790.0,43.0261854175,4
155192.0,16,3,3,2657.0,161153,2746.0,53.2655709876,3
153786.0,16,4,4,832.0,161155,792.0,25.5764591599,3
157249.0,35,0,0,832.0,170745,856.0,40.3118109896,5
157279.0,35,1,1,862.0,170747,875.0,35.8217810836,4
157310.0,35,2,2,893.0,170749,882.0,33.7927117648,4
157323.0,35,3,3,906.0,170751,880.0,32.4606644547,3
157055.0,35,4,4,638.0,170753,697.0,33.434775467,3
163988.0,52,0,0,2070.0,176756,2023.0,80.6953171536,5
163596.0,52,1,1,1678.0,176758,1748.0,90.1329281497,4
163534.0,52,2,2,1616.0,176760,1707.0,75.9378381517,4
163653.0,52,3,3,1735.0,176762,1728.0,64.4069912845,3
163464.0,52,4,4,1546.0,176764,1604.0,55.5554488303,3
163326.0,52,5,5,1408.0,176766,1433.0,38.8084364133,3
164896.0,52,8,5,1570.0,176772,1656.0,43.4885344841,2
163526.0,52,6,6,1608.0,176768,1572.0,36.9848831139,2
165086.0,52,9,6,1560.0,176774,1601.0,52.4304049996,2
163976.0,52,7,7,2058.0,176770,1953.0,50.3943396989,2
164822.0,37,0,0,834.0,174557,827.0,34.7909168424,5
165283.0,91,5,0,461.0,173420,464.0,26.8084825539,3
164257.0,37,1,1,661.0,174559,689.0,34.8568123675,4
165040.0,37,8,1,783.0,174573,763.0,40.3921240369,2
164271.0,37,2,2,737.0,174561,734.0,33.399456346,4
164767.0,91,0,2,496.0,173410,489.0,31.7480210738,5
165198.0,91,6,2,431.0,173422,525.0,39.7457710428,2
164361.0,37,3,3,708.0,174563,741.0,36.0905294473,3
164903.0,91,1,3,542.0,173412,528.0,20.218542818,4
165397.0,91,9,3,494.0,173428,467.0,21.9230112223,2
164250.0,37,4,4,786.0,174565,763.0,29.8973683052,3
164739.0,91,3,4,489.0,173416,489.0,29.1064742301,3
165200.0,91,8,4,461.0,173426,447.0,31.0555953091,2
165630.0,37,5,5,734.0,174567,752.0,43.4824828614,3
166246.0,91,2,5,616.0,173414,597.0,24.9285294181,4
165790.0,37,6,6,704.0,174569,704.0,39.1668495703,2
166550.0,37,9,6,760.0,174575,733.0,27.9866509532,2
164745.0,37,7,7,769.0,174571,786.0,49.8001004015,2
165161.0,91,4,7,416.0,173418,451.0,22.8087587055,3
165661.0,91,7,7,500.0,173424,482.0,30.68940328,2
167161.0,87,0,0,611.0,178430,601.0,32.3965560223,5
167064.0,87,1,1,514.0,178432,496.0,33.1890914228,4
167539.0,87,8,1,475.0,178446,494.0,22.481044647,2
167271.0,87,2,2,721.0,178434,709.0,36.5885731371,4
167321.0,87,3,3,771.0,178436,791.0,40.68544289,3
167167.0,87,4,4,617.0,178438,710.0,41.9225790187,3
167273.0,87,5,5,723.0,178440,715.0,31.0451284423,3
167061.0,87,6,6,511.0,178442,547.0,32.2766006167,2
167064.0,87,7,7,514.0,178444,496.0,30.8213869697,2
167560.0,87,9,7,496.0,178448,504.0,24.8587589138,2
168396.0,97,0,0,836.0,181836,851.0,46.1412020467,5
168389.0,97,1,1,829.0,181838,860.0,39.4852070901,4
168383.0,97,2,2,823.0,181840,852.0,39.9915780608,4
168385.0,97,3,3,825.0,181842,807.0,30.0475062456,3
169261.0,97,8,3,876.0,181852,817.0,32.3119661719,2
168412.0,97,4,4,852.0,181844,830.0,42.3688067979,3
168379.0,97,5,5,819.0,181846,816.0,28.9535017426,3
169142.0,97,9,5,763.0,181854,821.0,49.117903264,2
168383.0,97,6,6,823.0,181848,852.0,31.4317975104,2
168429.0,97,7,7,869.0,181850,848.0,36.9615732178,2
171757.0,18,0,0,3361.0,214941,3309.0,190.546547705,5
172313.0,18,1,1,3924.0,214943,3970.0,144.057179802,4
172195.0,18,2,2,3812.0,214945,3737.0,132.797788504,4
172302.0,18,3,3,3041.0,214947,3140.0,153.354928876,3
171899.0,18,4,4,3487.0,214949,3325.0,127.339331171,3
171993.0,18,5,5,2851.0,214951,2768.0,107.104609464,3
171213.0,18,6,6,2830.0,214953,2644.0,200.715371923,2
172407.0,15,0,0,650.0,181650,643.0,34.5410129983,5
172934.0,15,1,1,621.0,181652,641.0,29.0901954906,4
172901.0,15,2,2,706.0,181654,633.0,37.7876337332,4
173639.0,15,9,2,738.0,181668,736.0,32.7900418131,2
172921.0,15,3,3,619.0,181656,628.0,22.4426755136,3
173530.0,15,8,3,609.0,181666,690.0,43.1941760207,2
172561.0,15,4,4,662.0,181658,645.0,40.7514933533,3
172732.0,15,5,5,739.0,181660,666.0,26.6894420284,3
171894.0,15,6,6,681.0,181662,712.0,37.7307287862,2
169951.0,15,7,7,690.0,181664,684.0,23.8737909586,2
174410.0,11,0,0,771.0,205679,784.0,20.3420746238,5
174530.0,11,1,1,891.0,205681,823.0,39.6796049959,4
174593.0,11,2,2,954.0,205683,827.0,42.1196291282,4
174582.0,11,3,3,943.0,205685,861.0,40.7279485056,3
173750.0,11,4,4,111.0,205687,117.0,11.2693109115,3
189437.0,33,0,0,548.0,213024,574.0,35.243364437,5
190253.0,33,8,0,816.0,213040,810.0,31.28523277,2
189480.0,33,1,1,591.0,213026,603.0,26.0894715607,4
190291.0,33,9,1,811.0,213042,858.0,42.8759225772,2
189460.0,33,2,2,571.0,213028,625.0,28.3039889322,4
189512.0,33,3,3,623.0,213030,654.0,26.4433854031,3
189527.0,33,4,4,638.0,213032,686.0,29.295410095,3
189553.0,33,5,5,664.0,213034,735.0,38.2562000479,3
189660.0,33,6,6,771.0,213036,773.0,28.5588496746,2
189743.0,33,7,7,854.0,213038,794.0,38.6735323608,2
201945.0,4,0,0,1382.0,216920,1446.0,44.734773946,5
201982.0,4,1,1,1419.0,216922,1408.0,40.7772834076,4
201965.0,4,2,2,1402.0,216924,1418.0,46.4998868137,4
201924.0,4,3,3,1361.0,216926,1422.0,49.3454791829,3
202009.0,4,4,4,1446.0,216928,1472.0,32.540298902,3
202000.0,4,5,5,1437.0,216930,1422.0,30.7319052452,3
202040.0,4,6,6,1477.0,216932,1436.0,40.549482442,2
201297.0,4,7,7,734.0,216934,721.0,38.9600335026,2
215372.0,2,0,0,9510.0,249385,9382.0,329.400456172,5
226987.0,2,8,0,11615.0,249401,11430.0,227.077797937,2
217850.0,2,1,1,11988.0,249387,12294.0,327.349000947,4
216747.0,2,2,2,10885.0,249389,10861.0,330.068808616,4
215350.0,2,3,3,9488.0,249391,9451.0,331.367803283,3
227303.0,2,9,3,11953.0,249403,11684.0,308.433781173,2
216653.0,2,4,4,10791.0,249393,10255.0,290.25525971,3
216682.0,2,5,5,10820.0,249395,10488.0,275.962483148,3
215277.0,2,6,6,9415.0,249397,9966.0,344.51773692,2
217036.0,2,7,7,11174.0,249399,10908.0,426.121677705,2
248129.0,22,0,0,21142.0,249552,22275.0,1635.67161162,5
248688.0,31,5,0,559.0,225861,609.0,31.4734223717,3
260399.0,58,3,0,11711.0,251512,10661.0,1203.65946837,3
241594.0,22,1,1,23744.0,249554,22755.0,622.465226253,4
251488.0,58,2,1,9894.0,251510,9831.0,309.312123063,4
262030.0,58,4,1,10542.0,251514,10545.0,350.905385359,3
237879.0,22,2,2,21132.0,249556,21448.0,669.546303575,4
238523.0,31,1,2,644.0,225853,587.0,35.0222109976,4
239091.0,31,4,2,568.0,225859,599.0,29.1906618089,3
250944.0,22,3,3,23641.0,249558,21875.0,2006.74274175,3
251626.0,31,3,3,682.0,225857,611.0,28.1426815765,3
262357.0,58,0,3,10731.0,251506,11305.0,304.526772654,5
238629.0,22,4,4,21976.0,249560,22339.0,627.618548248,3
239006.0,31,6,4,377.0,225863,403.0,21.7124751916,2
249479.0,58,1,4,10473.0,251508,10544.0,308.777572815,4
239324.0,22,5,5,22642.0,249562,21039.0,582.22873738,3
239933.0,31,0,5,609.0,225851,589.0,30.5760053843,5
240553.0,31,2,5,620.0,225855,595.0,20.4941583461,4
234338.0,22,6,6,19061.0,249564,19808.0,570.621404122,2
253831.0,22,9,6,19493.0,249570,20036.0,599.357331253,2
264915.0,58,6,6,11084.0,251518,10739.0,324.033018948,2
236005.0,22,7,7,18969.0,249566,19485.0,469.467164369,2
255965.0,22,8,7,19960.0,249568,19958.0,637.524290559,2
266535.0,58,5,7,10570.0,251516,10376.0,357.023495467,3
271080.0,58,7,0,10681.0,251520,10664.0,337.151863331,2
271953.0,81,7,0,873.0,227335,867.0,38.421622202,2
272365.0,67,0,0,412.0,229252,394.0,25.2609538512,5
272799.0,58,8,1,10769.0,251522,10583.0,299.527606144,2
273679.0,81,6,1,880.0,227333,864.0,35.2507931975,2
274658.0,81,9,1,979.0,227339,969.0,40.7855753655,2
250350.0,58,9,2,11259.0,251524,11035.0,451.497438356,2
251208.0,81,8,2,858.0,227337,890.0,41.5328341892,2
251847.0,67,1,2,639.0,229254,638.0,33.5839482335,4
263090.0,9,0,3,733.0,230071,705.0,35.1102024459,5
263801.0,9,5,3,711.0,230081,710.0,32.3716493897,3
264792.0,81,2,3,991.0,227325,964.0,36.3278565001,4
250156.0,9,1,4,677.0,230073,705.0,24.4725410033,4
250860.0,9,6,4,704.0,230083,722.0,35.5904703389,2
251794.0,81,3,4,934.0,227327,942.0,37.84455742,3
241253.0,9,2,5,700.0,230075,711.0,30.6818993442,4
241931.0,9,7,5,678.0,230085,721.0,25.6147572597,2
242900.0,81,4,5,969.0,227329,955.0,52.4878682725,3
265630.0,9,3,6,715.0,230077,715.0,36.2982890709,3
266070.0,9,8,6,440.0,230087,482.0,35.3052851269,2
267073.0,81,1,6,1003.0,227323,944.0,32.1327837181,4
267232.0,9,4,7,697.0,230079,721.0,38.3887318994,3
268241.0,81,0,7,1009.0,227321,967.0,43.1905204024,5
269304.0,81,5,7,1063.0,227331,975.0,51.7336040642,3
273098.0,67,2,0,733.0,229256,697.0,36.1331965751,4
273766.0,7,1,0,668.0,254079,655.0,32.5412693441,4
289100.0,94,2,0,15334.0,286778,15233.0,330.384381401,4
275259.0,67,3,1,601.0,229258,644.0,27.3077490448,3
291067.0,6,2,1,15808.0,254088,15644.0,389.113685864,4
303126.0,94,7,1,12059.0,286788,11852.0,234.738734946,2
267229.0,67,4,2,694.0,229260,670.0,37.555958249,3
273567.0,6,4,2,6338.0,254092,6239.0,232.704754209,3
288344.0,94,3,2,14777.0,286780,14564.0,331.031223682,3
267143.0,67,5,3,608.0,229262,653.0,28.6787561207,3
282266.0,6,3,3,15123.0,254090,15316.0,331.994594122,3
293778.0,94,6,3,11512.0,286786,11487.0,305.277832905,2
267239.0,67,6,4,704.0,229264,716.0,39.9333655508,2
267805.0,7,2,4,566.0,254081,525.0,28.0730250747,4
282373.0,94,0,4,14568.0,286774,14499.0,510.823058767,5
267183.0,67,7,5,648.0,229266,674.0,34.024565429,2
267917.0,7,0,5,734.0,254077,668.0,34.9623481688,5
285243.0,94,1,5,17326.0,286776,17048.0,432.716325577,4
281765.0,6,0,6,14692.0,254084,14554.0,298.134833502,5
292899.0,94,4,6,11134.0,286782,11412.0,374.705986496,3
303992.0,94,9,6,11093.0,286792,11419.0,304.37741029,2
284143.0,6,1,7,14839.0,254086,15184.0,395.054729719,4
294329.0,94,5,7,10186.0,286784,10772.0,327.902340243,3
305619.0,94,8,7,11290.0,286790,11145.0,283.068017677,2
291484.0,88,0,0,2384.0,254538,2274.0,97.8379433446,5
291865.0,39,5,0,381.0,261515,378.0,18.9969526642,3
292815.0,76,1,0,950.0,264590,969.0,35.5950913233,4
305341.0,88,1,1,2215.0,254540,2260.0,79.1985346754,4
305681.0,39,4,1,340.0,261513,369.0,18.0688740802,3
306666.0,76,0,1,985.0,264588,986.0,42.0256500623,5
290598.0,88,2,2,2254.0,254542,2211.0,102.424439415,4
290980.0,39,2,2,382.0,261509,381.0,15.1569855356,4
291371.0,39,7,2,391.0,261519,382.0,22.4669933341,2
295840.0,88,3,3,2062.0,254544,2203.0,65.8666116201,3
296217.0,39,1,3,377.0,261507,392.0,20.6812271854,4
296567.0,39,8,3,350.0,261521,391.0,25.5279001136,2
284537.0,88,4,4,2164.0,254546,2163.0,70.9937728922,3
286798.0,88,9,4,2261.0,254556,2231.0,112.102525912,2
287793.0,76,3,4,995.0,264594,961.0,46.0856182613,3
287498.0,88,5,5,2255.0,254548,2140.0,101.446524674,3
289677.0,88,8,5,2179.0,254554,2212.0,88.2823669585,2
290572.0,76,2,5,895.0,264592,953.0,43.0111368687,4
306073.0,88,6,6,2081.0,254550,2171.0,100.79863982,2
306459.0,39,0,6,386.0,261505,371.0,19.2829349153,5
306850.0,39,6,6,391.0,261517,382.0,19.7566777518,2
307513.0,88,7,7,1894.0,254552,2227.0,111.520071358,2
307921.0,39,3,7,408.0,261511,388.0,25.1234321323,3
308334.0,39,9,7,413.0,261523,393.0,17.6112254871,2
306605.0,76,4,0,986.0,264596,962.0,49.8923841884,3
308103.0,80,3,0,1498.0,277196,1522.0,54.1616488904,3
314415.0,66,3,0,6312.0,313513,6101.0,205.844448169,3
307662.0,76,5,1,996.0,264598,962.0,50.312157158,3
309245.0,80,4,1,1583.0,277198,1618.0,112.196772634,3
315908.0,66,4,1,6663.0,313515,6414.0,196.273144797,3
306518.0,76,6,2,899.0,264600,961.0,58.4585098033,2
308470.0,80,2,2,1952.0,277194,1647.0,184.848522623,4
314986.0,66,5,2,6516.0,313517,6589.0,229.581650422,3
306535.0,76,7,3,916.0,264602,968.0,54.7388777455,2
307849.0,80,5,3,1314.0,277200,1431.0,53.3984772107,3
313291.0,66,1,3,5442.0,313509,5358.0,169.853528231,4
306555.0,76,8,4,936.0,264604,975.0,67.1263537548,2
307615.0,80,6,4,1060.0,277202,1444.0,331.338338767,2
313593.0,66,2,4,5978.0,313511,5786.0,194.877633671,4
306617.0,76,9,5,998.0,264606,981.0,46.7086152315,2
307913.0,80,7,5,1296.0,277204,1288.0,48.7106116181,2
312830.0,66,0,5,4917.0,313507,5001.0,212.29603834,5
308283.0,80,0,6,1433.0,277190,1420.0,48.9481734512,5
310012.0,80,9,6,1729.0,277208,1751.0,82.5746233479,2
316896.0,66,7,6,6884.0,313521,7239.0,248.327690976,2
309722.0,80,1,7,1388.0,277192,1348.0,38.3445254447,4
311045.0,80,8,7,1323.0,277206,1362.0,42.3809788516,2
318203.0,66,6,7,7158.0,313519,7173.0,293.776212716,2
322298.0,66,8,0,7883.0,313523,7759.0,247.989303674,2
322959.0,63,8,0,661.0,288166,645.0,38.8525891571,2
324100.0,44,0,0,1141.0,292688,1146.0,25.2463650328,5
324163.0,66,9,1,8255.0,313525,7912.0,174.130705597,2
324827.0,63,9,1,664.0,288168,630.0,32.6581576816,2
326064.0,44,1,1,1237.0,292690,1184.0,52.2013056905,4
315592.0,69,0,2,606.0,297132,626.0,24.1989560453,5
316284.0,69,8,2,692.0,297148,709.0,47.2272223015,2
316831.0,63,6,2,547.0,288162,606.0,30.1031122713,2
313969.0,69,1,3,678.0,297134,591.0,29.8562785427,4
314579.0,69,6,3,610.0,297144,599.0,27.3408793606,2
315192.0,63,2,3,613.0,288154,589.0,20.3026443702,4
314239.0,69,2,4,646.0,297136,607.0,38.4670398899,4
314933.0,69,7,4,694.0,297146,710.0,26.1274205628,2
315444.0,63,4,4,511.0,288158,498.0,22.5796251892,3
313476.0,69,3,5,646.0,297138,627.0,30.0068413252,3
314218.0,69,9,5,742.0,297150,734.0,34.0632538545,2
314806.0,63,7,5,588.0,288164,554.0,25.392497856,2
317504.0,69,4,6,608.0,297140,641.0,21.3094370001,3
318220.0,63,0,6,716.0,288150,682.0,37.3047196111,5
318781.0,63,5,6,561.0,288160,564.0,21.3531706015,3
318845.0,69,5,7,642.0,297142,664.0,14.4546477683,3
319407.0,63,1,7,562.0,288152,558.0,33.1781078741,4
319917.0,63,3,7,510.0,288156,474.0,21.9815113699,3
325334.0,44,2,0,1234.0,292692,1190.0,79.9417386535,4
332584.0,74,7,0,7250.0,330743,7526.0,239.244969149,2
333050.0,43,3,0,466.0,305065,538.0,43.7385774562,3
327310.0,44,3,1,1246.0,292694,1174.0,66.7399509487,3
334998.0,74,6,1,7688.0,330741,7682.0,214.800880867,2
335527.0,43,4,1,529.0,305067,550.0,30.9809364134,3
319326.0,44,4,2,1123.0,292696,1152.0,34.2813053243,3
327567.0,74,5,2,8241.0,330739,8120.0,204.055436224,3
327970.0,43,7,2,403.0,305073,381.0,26.8196216465,2
318314.0,44,5,3,111.0,292698,121.0,16.5919289193,3
325936.0,74,4,3,7622.0,330737,8021.0,221.977950541,3
326510.0,43,0,3,574.0,305059,570.0,23.9462116551,5
327143.0,74,0,4,8940.0,330729,8673.0,259.851171979,5
327682.0,43,2,4,539.0,305063,527.0,28.974580511,4
328331.0,43,6,4,649.0,305071,640.0,32.2967735068,2
326628.0,74,1,5,8425.0,330731,8417.0,207.176151848,4
327209.0,43,1,5,581.0,305061,539.0,20.293828463,4
327797.0,43,5,5,588.0,305069,574.0,34.7021537326,3
326975.0,74,2,6,8194.0,330733,7977.0,190.178171308,4
334654.0,74,9,6,7679.0,330747,7669.0,259.336400108,2
335427.0,61,0,6,773.0,305695,701.0,42.3581223181,5
327979.0,74,3,7,8062.0,330735,7968.0,217.253786836,3
335920.0,74,8,7,7941.0,330745,7679.0,198.404922212,2
336661.0,61,1,7,741.0,305697,697.0,28.297107905,4
333773.0,61,2,0,723.0,305699,702.0,29.7615081678,4
340584.0,34,5,0,6811.0,361699,6660.0,243.213892219,3
336262.0,61,3,1,735.0,305701,703.0,30.0781438397,3
339352.0,34,6,1,3090.0,361701,3347.0,147.635210106,2
328697.0,61,4,2,727.0,305703,699.0,32.1972130209,3
335754.0,34,4,2,7057.0,361697,7664.0,217.504089496,3
327162.0,61,5,3,652.0,305705,695.0,28.7337597152,3
333788.0,34,3,3,6626.0,361695,8750.0,1829.60788149,3
329003.0,61,6,4,672.0,305707,706.0,35.0255170141,2
328480.0,61,7,5,683.0,305709,681.0,36.1899593519,2
334725.0,34,0,5,6245.0,361689,6510.0,196.680906413,5
336115.0,61,8,6,688.0,305711,688.0,30.9880707098,2
343684.0,34,1,6,7569.0,361691,7398.0,188.143953845,4
337366.0,61,9,7,705.0,305713,689.0,23.5329556155,2
346295.0,34,2,7,8929.0,361693,8287.0,346.544213781,4
341528.0,73,0,0,944.0,357265,915.0,55.2821471135,5
340277.0,73,1,1,925.0,357267,860.0,41.3855746544,4
341230.0,73,9,1,953.0,357283,897.0,46.547542193,2
337552.0,73,2,2,891.0,357269,895.0,36.8133271062,4
337626.0,73,3,3,965.0,357271,922.0,42.6862482478,3
337589.0,73,4,4,928.0,357273,856.0,35.4020516801,3
338496.0,73,8,4,907.0,357281,874.0,49.7322039051,2
337480.0,73,5,5,819.0,357275,879.0,38.7155279605,3
344503.0,73,6,6,819.0,357277,889.0,43.4765514538,2
347213.0,73,7,7,918.0,357279,889.0,59.1514336704,2
354011.0,10,0,0,6798.0,404490,7026.0,216.482714759,5
354375.0,10,1,1,7162.0,404492,7107.0,282.238532936,4
354099.0,10,2,2,6886.0,404494,6588.0,211.526929976,4
349678.0,10,3,3,2465.0,404496,2434.0,106.354657434,3
362986.0,53,0,0,760.0,383139,749.0,33.5739168811,5
363578.0,53,9,0,592.0,383157,588.0,16.2327641386,2
363101.0,53,1,1,875.0,383141,828.0,37.7756187034,4
363065.0,53,2,2,839.0,383143,842.0,36.491491438,4
363118.0,53,3,3,892.0,383145,851.0,33.9837035248,3
363075.0,53,4,4,849.0,383147,802.0,33.6334341799,3
363047.0,53,5,5,821.0,383149,790.0,47.0862590304,3
362987.0,53,6,6,761.0,383151,755.0,27.604871805,2
362892.0,53,7,7,666.0,383153,680.0,33.2098194103,2
363499.0,53,8,7,607.0,383155,606.0,25.9038708751,2
366543.0,51,0,0,915.0,378588,921.0,35.5674304001,5
366632.0,51,1,1,1004.0,378590,1040.0,44.9377054201,4
366720.0,51,2,2,1092.0,378592,1029.0,38.2905787506,4
366645.0,51,3,3,1017.0,378594,988.0,36.0664226408,3
366616.0,51,4,4,988.0,378596,1014.0,33.9248007402,3
366709.0,51,5,5,1081.0,378598,1072.0,50.0594120705,3
366676.0,51,6,6,1048.0,378600,1017.0,33.7206402511,2
366229.0,51,7,7,601.0,378602,567.0,37.0039471579,2
367383.0,1,0,0,663.0,381957,678.0,26.8862614105,5
368031.0,1,8,0,648.0,381973,672.0,26.7839307677,2
367346.0,1,1,1,626.0,381959,718.0,48.9230329998,4
367456.0,1,2,2,736.0,381961,718.0,40.1404114525,4
367531.0,1,3,3,811.0,381963,804.0,25.1928874674,3
367500.0,1,4,4,780.0,381965,793.0,43.0716661049,3
367474.0,1,5,5,754.0,381967,760.0,30.3316752969,3
367440.0,1,6,6,720.0,381969,725.0,18.8704028909,2
367350.0,1,7,7,630.0,381971,679.0,22.6201470515,2
368042.0,1,9,7,692.0,381975,688.0,28.0223594934,2
368910.0,31,0,0,611.0,380472,611.0,19.1657589411,5
368932.0,31,1,1,633.0,380474,602.0,32.9670888519,4
368907.0,31,2,2,608.0,380476,616.0,28.2011571244,4
368962.0,31,3,3,663.0,380478,645.0,38.7408393247,3
368887.0,31,4,4,588.0,380480,639.0,37.9646303537,3
368887.0,31,5,5,588.0,380482,624.0,33.8234969713,3
368738.0,31,6,6,439.0,380484,415.0,16.4719857877,2
369716.0,3,0,0,664.0,386045,661.0,38.7763832086,5
369731.0,3,1,1,679.0,386047,690.0,36.0343403465,4
369738.0,3,2,2,686.0,386049,691.0,36.8916978251,4
369776.0,3,3,3,724.0,386051,693.0,36.5959445553,3
369776.0,3,4,4,724.0,386053,690.0,44.4927847492,3
369432.0,3,5,5,380.0,386055,406.0,22.8956442651,3
370507.0,89,0,0,731.0,384365,697.0,32.6586814444,5
371476.0,89,8,0,969.0,384381,791.0,50.6291989812,2
370458.0,89,1,1,682.0,384367,721.0,32.1566478352,4
371172.0,89,9,1,714.0,384383,749.0,32.9679269977,2
370587.0,89,2,2,811.0,384369,744.0,50.1449215564,4
370595.0,89,3,3,819.0,384371,804.0,39.922820278,3
370520.0,89,4,4,744.0,384373,818.0,41.2630840493,3
370583.0,89,5,5,807.0,384375,853.0,41.5677949734,3
370490.0,89,6,6,714.0,384377,766.0,39.9149094951,2
370592.0,89,7,7,816.0,384379,726.0,34.5320598559,2
376461.0,40,0,0,2614.0,389248,2470.0,580.414425444,5
376418.0,40,1,1,2571.0,389250,2520.0,59.1306314777,4
376395.0,40,2,2,2548.0,389252,2402.0,53.1542937811,4
376292.0,40,3,3,2445.0,389254,2382.0,57.603362475,3
376242.0,40,4,4,2395.0,389256,2416.0,57.8193875698,3
376337.0,40,5,5,2490.0,389258,2446.0,71.1412790084,3
375979.0,40,6,6,2132.0,389260,2132.0,81.391775092,2
378100.0,40,9,6,2121.0,389266,2201.0,73.1309388052,2
375802.0,40,7,7,1955.0,389262,2042.0,64.7663614768,2
377760.0,40,8,7,1958.0,389264,1920.0,73.0100930297,2
378880.0,93,0,0,780.0,386634,684.0,42.7944905455,5
378742.0,93,1,1,642.0,386636,652.0,31.4881347745,4
378604.0,93,2,2,504.0,386638,545.0,28.1413724275,4
378921.0,93,8,2,317.0,386650,316.0,18.5042669332,2
378779.0,93,3,3,679.0,386640,679.0,32.7016416778,3
378694.0,93,4,4,594.0,386642,627.0,26.3656475062,3
379034.0,93,9,4,340.0,386652,325.0,18.823557469,2
378784.0,93,5,5,684.0,386644,676.0,26.6309574506,3
378742.0,93,6,6,642.0,386646,699.0,32.3264190473,2
378942.0,93,7,7,842.0,386648,847.0,39.4181363548,2
381221.0,72,0,0,924.0,399852,837.0,31.9499608763,5
381139.0,72,1,1,842.0,399854,894.0,34.7803256545,4
381160.0,72,2,2,863.0,399856,903.0,45.8910322624,4
381325.0,72,3,3,1028.0,399858,1052.0,41.8673029061,3
381399.0,72,4,4,1102.0,399860,1047.0,38.1165456545,3
381107.0,72,5,5,810.0,399862,825.0,29.6063648918,3
382018.0,72,9,5,911.0,399870,918.0,39.2104645001,2
381110.0,72,6,6,813.0,399864,799.0,38.4317234641,2
381989.0,72,8,6,879.0,399868,873.0,32.609491676,2
381129.0,72,7,7,832.0,399866,825.0,35.1724697964,2
390378.0,65,0,0,733.0,410867,745.0,25.0695873625,5
390332.0,65,1,1,687.0,410869,745.0,42.2523745829,4
390283.0,65,2,2,638.0,410871,626.0,30.9486416673,4
402890.0,48,0,0,1444.0,416246,1403.0,40.2820320399,5
402624.0,48,1,1,1178.0,416248,1151.0,42.6037742336,4
402566.0,48,2,2,1120.0,416250,1156.0,38.7967375188,4
402433.0,48,3,3,987.0,416252,966.0,40.3296939057,3
403687.0,48,8,3,1254.0,416262,1256.0,47.4965649727,2
402487.0,48,4,4,1041.0,416254,1056.0,35.8864803747,3
403842.0,48,9,4,1355.0,416264,1288.0,51.0588927251,2
402624.0,48,5,5,1178.0,416256,1160.0,31.7947364065,3
402662.0,48,6,6,1216.0,416258,1224.0,51.3234326292,2
402594.0,48,7,7,1148.0,416260,1100.0,35.7500092013,2
404780.0,16,0,0,1890.0,413785,1809.0,51.8985853169,5
409056.0,58,4,0,4276.0,445492,4342.0,170.501882996,3
413058.0,58,8,0,4002.0,445500,4211.0,160.264674178,2
404508.0,16,1,1,1884.0,413787,1876.0,33.9370935083,4
409057.0,58,6,1,4549.0,445496,4380.0,223.11181997,2
413390.0,58,9,1,4333.0,445502,4325.0,187.306524741,2
404289.0,16,2,2,1723.0,413789,1775.0,49.9341408362,4
409719.0,58,2,2,5430.0,445488,5390.0,176.078003049,4
405504.0,16,3,3,1817.0,413791,1823.0,33.4057590371,3
409713.0,58,5,3,4209.0,445494,4266.0,163.545543311,3
413590.0,58,7,3,3877.0,445498,4225.0,222.941548865,2
404377.0,16,4,4,535.0,413793,532.0,20.2416974533,3
405266.0,17,3,4,889.0,413237,857.0,25.7340139443,3
405772.0,17,7,4,506.0,413245,491.0,16.4895501199,2
403503.0,17,0,5,879.0,413231,840.0,33.8034566903,5
404376.0,17,4,5,873.0,413239,884.0,30.821173515,3
410399.0,58,0,5,6023.0,445484,6124.0,281.707551792,5
403550.0,17,1,6,888.0,413233,880.0,32.2989326856,4
404490.0,17,5,6,940.0,413241,899.0,31.0922227541,3
409158.0,58,3,6,4668.0,445490,4658.0,378.046484889,3
403479.0,17,2,7,885.0,413235,895.0,28.7959701128,4
404307.0,17,6,7,828.0,413243,855.0,34.3073952439,2
410264.0,58,1,7,5957.0,445486,5860.0,170.949700204,4
418017.0,30,0,0,4959.0,442456,5008.0,160.355025523,5
425398.0,30,8,0,7381.0,442472,7469.0,268.642905222,2
425919.0,43,2,0,521.0,419850,526.0,28.2512691843,4
419220.0,30,1,1,5830.0,442458,5669.0,269.499067472,4
421825.0,24,0,1,2605.0,423068,2599.0,75.3528367084,5
424308.0,24,6,1,2483.0,423080,2471.0,69.8132848163,2
414743.0,30,2,2,5024.0,442460,5220.0,205.600942042,4
422845.0,30,9,2,8102.0,442474,8462.0,289.913866519,2
423390.0,43,3,2,545.0,419852,530.0,24.2043928157,3
420105.0,30,3,3,6515.0,442462,6209.0,229.445848445,3
422604.0,24,2,3,2499.0,423072,2480.0,68.1715328765,4
425003.0,24,8,3,2399.0,423084,2414.0,63.2429525926,2
413873.0,30,4,4,8101.0,442464,8208.0,237.343294562,3
416279.0,24,5,4,2406.0,423078,2519.0,70.6790186987,3
416865.0,43,1,4,586.0,419848,542.0,28.9825264962,4
417215.0,30,5,5,6816.0,442466,6851.0,182.295768926,3
419890.0,24,4,5,2675.0,423076,2493.0,68.3559568882,3
420462.0,43,0,5,572.0,419846,571.0,26.9834257121,5
415023.0,30,6,6,5865.0,442468,5959.0,145.319421312,2
417362.0,24,1,6,2339.0,423070,2496.0,86.2122686348,4
419793.0,24,7,6,2431.0,423082,2475.0,79.9532100011,2
416855.0,30,7,7,6591.0,442470,6429.0,220.894896417,2
419346.0,24,3,7,2491.0,423074,2491.0,61.9084850914,3
421778.0,24,9,7,2432.0,423086,2417.0,87.3300454718,2
426502.0,43,4,0,583.0,419854,565.0,21.7000485083,3
427134.0,95,1,0,632.0,435456,634.0,39.4040807398,4
428015.0,95,5,0,881.0,435464,844.0,35.3484906251,3
424836.0,43,5,1,528.0,419856,575.0,37.2274304639,3
425526.0,95,2,1,690.0,435458,686.0,35.1092655337,4
426238.0,95,6,1,712.0,435466,712.0,38.9836672953,2
424029.0,43,6,2,639.0,419858,639.0,23.0328712473,2
424649.0,95,3,2,620.0,435460,644.0,35.2614296513,3
425334.0,95,7,2,685.0,435468,747.0,42.9735536789,2
425383.0,43,7,3,380.0,419860,378.0,20.7908760353,2
426073.0,95,0,3,690.0,435454,681.0,33.5756804218,5
426694.0,95,4,3,621.0,435462,708.0,50.2878817672,3
428883.0,14,0,4,12018.0,457619,11744.0,309.606452231,5
429325.0,75,3,4,442.0,438765,423.0,31.2161817012,3
429757.0,75,5,4,432.0,438769,429.0,21.9230712409,3
431611.0,14,1,5,11149.0,457621,11334.0,357.216343116,4
431972.0,75,0,5,361.0,438759,395.0,23.4877347612,5
432431.0,75,2,5,459.0,438763,440.0,28.3594874128,4
431438.0,14,2,6,11645.0,457623,11540.0,343.689333403,4
431789.0,75,1,6,351.0,438761,389.0,25.0136804674,4
432196.0,75,4,6,407.0,438767,425.0,24.6728062535,3
429915.0,14,3,7,8137.0,457625,7954.0,273.76514618,3
430728.0,95,8,7,813.0,435470,796.0,44.4681731247,2
431516.0,95,9,7,788.0,435472,734.0,41.4219621381,2
428434.0,75,6,0,419.0,438771,484.0,28.2108601708,2
431112.0,56,6,0,2678.0,438078,2703.0,97.0110682779,2
431773.0,23,4,0,661.0,435581,682.0,29.923191147,3
426740.0,75,7,1,502.0,438773,439.0,23.0242435158,2
429408.0,56,4,1,2668.0,438074,2708.0,78.2818625226,3
430087.0,23,2,1,679.0,435577,716.0,36.9797597556,4
426376.0,75,8,2,457.0,438775,447.0,25.2363042586,2
428942.0,56,5,2,2566.0,438076,2710.0,108.182059024,3
429656.0,23,3,2,714.0,435579,726.0,32.5550545837,3
427521.0,75,9,3,827.0,438777,835.0,23.6041923127,2
430181.0,56,7,3,2660.0,438080,2682.0,53.5194013026,2
430812.0,23,6,3,631.0,435585,657.0,31.9919397744,2
432302.0,56,0,4,2545.0,438066,2628.0,111.567822186,5
435078.0,56,8,4,2776.0,438082,2713.0,92.8894504236,2
435582.0,23,8,4,504.0,435589,535.0,22.8760389468,2
435104.0,56,1,5,2673.0,438068,2678.0,82.2441167309,4
437788.0,56,9,5,2684.0,438084,2677.0,78.6778073438,2
438352.0,23,9,5,564.0,435591,642.0,27.7607731577,2
434928.0,56,2,6,2732.0,438070,2732.0,100.234396344,4
435655.0,23,0,6,727.0,435573,770.0,44.9812534051,5
436353.0,23,5,6,698.0,435583,681.0,43.6699342557,3
434339.0,56,3,7,2823.0,438072,2792.0,107.021689882,3
435107.0,23,1,7,768.0,435575,754.0,34.2951584737,4
435671.0,23,7,7,564.0,435587,541.0,38.4035017592,2
439061.0,23,0,0,709.0,451343,776.0,34.4891668728,5
439121.0,23,1,1,769.0,451345,752.0,32.2455627302,4
439070.0,23,2,2,718.0,451347,739.0,35.3911972403,4
439046.0,23,3,3,694.0,451349,727.0,38.6412310472,3
439036.0,23,4,4,684.0,451351,703.0,29.7028706747,3
439042.0,23,5,5,690.0,451353,690.0,25.3833762426,3
439006.0,23,6,6,654.0,451355,669.0,37.0083916515,2
439664.0,23,9,6,658.0,451361,651.0,32.7677633626,2
438852.0,23,7,7,500.0,451357,552.0,30.2219857232,2
439400.0,23,8,7,548.0,451359,543.0,23.010066447,2
453990.0,98,0,0,12711.0,482255,12276.0,301.626189007,5
452600.0,98,1,1,11321.0,482257,11943.0,351.976116863,4
452856.0,98,2,2,11577.0,482259,12199.0,356.723378013,4
454119.0,98,3,3,12840.0,482261,12724.0,241.464059655,3
454072.0,98,4,4,12793.0,482263,12190.0,363.149363935,3
453666.0,98,5,5,12387.0,482265,12571.0,349.865880318,3
449654.0,98,6,6,8375.0,482267,8299.0,257.79822281,2
462123.0,26,0,0,8133.0,485913,8261.0,229.011807326,5
463750.0,92,5,0,1627.0,458724,1599.0,45.0451235751,3
464365.0,33,2,0,615.0,458127,616.0,34.4635581753,4
460900.0,26,1,1,8300.0,485915,8524.0,222.407970323,4
462411.0,92,7,1,1511.0,458728,1685.0,65.6708498979,2
463125.0,33,5,1,714.0,458133,703.0,27.0965136619,3
460109.0,26,2,2,7253.0,485917,8008.0,306.311331131,4
461702.0,92,4,2,1593.0,458722,1695.0,229.163989777,3
462324.0,33,1,2,622.0,458125,593.0,32.5178493495,4
461932.0,26,3,3,7813.0,485919,7696.0,241.75912327,3
463428.0,92,3,3,1496.0,458720,1561.0,96.3939286142,3
465077.0,92,9,3,1649.0,458732,1633.0,54.7092554471,2
462206.0,26,4,4,8134.0,485921,8468.0,249.023202259,3
463845.0,92,6,4,1639.0,458726,1603.0,69.9466714155,2
464541.0,33,4,4,696.0,458131,665.0,36.3312247899,3
462484.0,26,5,5,8818.0,485923,8725.0,264.044035402,3
464134.0,92,8,5,1650.0,458730,1638.0,43.3474032489,2
464851.0,33,6,5,717.0,458135,745.0,36.4358123424,2
459099.0,26,6,6,9445.0,485925,9355.0,249.757329591,2
459621.0,33,0,6,522.0,458123,562.0,30.5963104071,5
460271.0,33,3,6,650.0,458129,632.0,27.9082613688,3
444024.0,92,0,7,1636.0,458714,1595.0,38.5028707064,5
445773.0,92,1,7,1749.0,458716,1738.0,67.6784969349,4
447447.0,92,2,7,1674.0,458718,1586.0,62.1768276349,4
465191.0,33,7,0,826.0,458137,778.0,46.2615846089,2
466942.0,64,5,0,1751.0,457834,1729.0,66.8186863243,3
473952.0,90,3,0,7010.0,510559,7365.0,245.833164436,3
463957.0,33,8,1,832.0,458139,801.0,47.2467208553,2
465900.0,64,6,1,1943.0,457836,1919.0,78.4179759199,2
477791.0,90,4,1,11891.0,510561,12083.0,362.713298408,3
463132.0,33,9,2,808.0,458141,830.0,31.986839399,2
465102.0,64,7,2,1970.0,457838,1914.0,88.3732961572,2
476211.0,90,5,2,11109.0,510563,10732.0,315.263699147,3
467200.0,64,0,3,2123.0,457824,2137.0,104.533852487,5
472295.0,90,2,3,5095.0,510557,4934.0,174.544904492,4
481969.0,90,8,3,9674.0,510569,9503.0,220.927208779,2
466405.0,64,1,4,1864.0,457826,1840.0,60.6313059661,4
472497.0,90,0,4,6092.0,510553,5828.0,156.40854062,5
478528.0,90,9,4,6031.0,510571,6404.0,249.32023373,2
466647.0,64,2,5,1796.0,457828,1848.0,52.8985125649,4
474372.0,90,1,5,7725.0,510555,7692.0,275.87733258,4
462004.0,64,3,6,1733.0,457830,1838.0,91.8086539895,3
464105.0,64,9,6,2101.0,457842,2145.0,79.4006496063,2
473323.0,90,7,6,9218.0,510567,8975.0,274.04607757,2
455949.0,64,4,7,1830.0,457832,1791.0,392.375826821,3
457745.0,64,8,7,1796.0,457840,1925.0,83.831660895,2
467302.0,90,6,7,9557.0,510565,9406.0,335.420941348,2
474840.0,68,0,0,888.0,494988,970.0,51.3059963665,5
478760.0,68,1,1,969.0,494990,981.0,44.2926868147,4
477212.0,68,2,2,1001.0,494992,1063.0,70.9125480693,4
483029.0,68,3,3,1060.0,494994,1038.0,33.701905303,3
479585.0,68,4,4,1057.0,494996,1063.0,35.3842070035,3
475203.0,68,5,5,831.0,494998,829.0,35.3069249209,3
476239.0,68,8,5,1036.0,495004,1007.0,39.7760507156,2
474154.0,68,6,6,831.0,495000,868.0,33.7404957378,2
475203.0,68,9,6,1049.0,495006,977.0,38.0233999975,2
468232.0,68,7,7,930.0,495002,917.0,32.0993523463,2
484362.0,57,0,0,1333.0,494413,1092.0,153.801469776,5
484240.0,57,1,1,1211.0,494415,1208.0,34.3448456257,4
484143.0,57,2,2,1114.0,494417,1115.0,49.0521741564,4
484118.0,57,3,3,1089.0,494419,1037.0,36.398778175,3
485150.0,57,9,3,1032.0,494431,1048.0,40.7925109226,2
484132.0,57,4,4,1103.0,494421,1118.0,45.9026429694,3
484052.0,57,5,5,1023.0,494423,1040.0,36.9181170758,3
484083.0,57,6,6,1054.0,494425,1063.0,40.5545766124,2
484082.0,57,7,7,1053.0,494427,1029.0,38.6453510515,2
485031.0,57,8,7,949.0,494429,1036.0,42.0731193094,2
486106.0,29,0,0,397.0,494671,369.0,20.3588852968,5
486069.0,29,1,1,360.0,494673,365.0,24.8982666909,4
486677.0,29,9,1,608.0,494689,597.0,31.8752089776,2
486026.0,29,2,2,317.0,494675,335.0,21.3822356174,4
486588.0,29,8,2,562.0,494687,558.0,21.5787419759,2
486383.0,29,3,3,674.0,494677,707.0,24.5504314465,3
486337.0,29,4,4,628.0,494679,618.0,23.3474330833,3
486267.0,29,5,5,558.0,494681,569.0,16.9127793477,3
486340.0,29,6,6,631.0,494683,588.0,26.7107311374,2
486292.0,29,7,7,583.0,494685,535.0,25.3098690965,2
488590.0,60,0,0,1913.0,520890,1969.0,88.8104279083,5
488719.0,60,1,1,2042.0,520892,1946.0,68.933911905,4
488297.0,60,2,2,1620.0,520894,1574.0,61.6445455819,4
490440.0,60,9,2,2143.0,520908,2169.0,89.6881145679,2
488080.0,60,3,3,1403.0,520896,1383.0,61.4230155732,3
489885.0,60,8,3,1805.0,520906,1783.0,59.3725969043,2
488439.0,60,4,4,1762.0,520898,1954.0,89.5587281591,3
488528.0,60,5,5,1851.0,520900,1843.0,58.2691350997,3
488441.0,60,6,6,1764.0,520902,1813.0,56.0543908792,2
488459.0,60,7,7,1782.0,520904,1786.0,40.8121176536,2
506374.0,55,0,0,827.0,530102,780.0,32.2008090778,5
506308.0,55,1,1,761.0,530104,774.0,29.4821980185,4
506273.0,55,2,2,726.0,530106,758.0,39.3076931,4
506328.0,55,3,3,781.0,530108,762.0,40.6712105601,3
506312.0,55,4,4,765.0,530110,743.0,29.4962531073,3
506324.0,55,5,5,777.0,530112,761.0,31.324238135,3
506352.0,55,6,6,805.0,530114,739.0,26.8443368525,2
506277.0,55,7,7,730.0,530116,726.0,35.8101352898,2
506957.0,55,8,7,680.0,530118,655.0,18.9697820646,2
522158.0,78,0,0,1896.0,561289,1791.0,74.4167496709,5
525312.0,78,8,0,3154.0,561305,3036.0,84.1226391708,2
523208.0,78,1,1,2946.0,561291,2850.0,105.036773009,4
523197.0,78,2,2,2935.0,561293,2890.0,65.0921613843,4
523234.0,78,3,3,2972.0,561295,3019.0,72.968973219,3
523290.0,78,4,4,3028.0,561297,2902.0,95.3653776963,3
523130.0,78,5,5,2868.0,561299,2918.0,76.3952843681,3
523042.0,78,6,6,2780.0,561301,2773.0,68.69375211,2
525679.0,78,9,6,2637.0,561307,2896.0,94.2523348866,2
523229.0,78,7,7,2967.0,561303,2984.0,70.3927889549,2
527702.0,20,0,0,2023.0,535575,2062.0,69.0678346951,5
528005.0,20,1,1,2326.0,535577,2335.0,68.0880814982,4
528160.0,20,2,2,2481.0,535579,2409.0,49.2160649852,4
528002.0,20,3,3,2323.0,535581,2353.0,40.8004127946,3
527837.0,20,4,4,2158.0,535583,2181.0,52.2484953196,3
527669.0,20,5,5,1990.0,535585,2010.0,57.5681746874,3
530083.0,20,9,5,2414.0,535593,2406.0,66.7654969198,2
527515.0,20,6,6,1836.0,535587,1856.0,48.8303992891,2
529911.0,20,8,6,2396.0,535591,2300.0,365.384022927,2
527707.0,20,7,7,2028.0,535589,2076.0,65.2129305873,2
528023.0,25,0,0,321.0,538067,347.0,21.6889494055,5
528752.0,25,8,0,729.0,538083,738.0,50.4394112825,2
528621.0,25,1,1,616.0,538069,598.0,35.9742598037,4
529320.0,25,9,1,699.0,538085,733.0,34.2456681855,2
528881.0,25,2,2,721.0,538071,712.0,37.0292913928,4
544467.0,6,1,2,15586.0,569694,15184.0,395.054729719,4
528811.0,25,3,3,809.0,538073,742.0,35.6315575682,3
544406.0,6,2,3,15595.0,569696,15644.0,389.113685864,4
528573.0,25,4,4,736.0,538075,771.0,32.0162787541,3
543443.0,6,3,4,14870.0,569698,15316.0,331.994594122,3
530742.0,25,5,5,659.0,538077,672.0,27.4921519902,3
545154.0,6,0,5,14412.0,569692,14554.0,298.134833502,5
530667.0,25,6,6,756.0,538079,795.0,39.0145384508,2
528546.0,25,7,7,839.0,538081,776.0,36.5021989244,2
534730.0,6,4,7,6184.0,569700,6239.0,232.704754209,3
530844.0,37,0,0,761.0,553540,832.0,51.0612635133,5
530815.0,37,1,1,732.0,553542,717.0,54.9826766977,4
531610.0,37,8,1,795.0,553556,787.0,40.4507172534,2
545231.0,37,2,2,764.0,553544,750.0,37.4936836786,4
545149.0,37,3,3,743.0,553546,772.0,34.9292518039,3
544233.0,37,4,4,790.0,553548,800.0,33.784767667,3
545944.0,37,5,5,790.0,553550,760.0,29.3999641962,3
531356.0,37,6,6,689.0,553552,721.0,40.7692802307,2
532155.0,37,9,6,799.0,553558,761.0,36.0153110715,2
535499.0,37,7,7,769.0,553554,792.0,31.7362071159,2
550377.0,62,0,0,5223.0,582016,5138.0,160.824160269,5
549306.0,62,1,1,4152.0,582018,4048.0,154.755630796,4
548896.0,62,2,2,3665.0,582020,3616.0,179.281930284,4
548880.0,62,3,3,3726.0,582022,3950.0,192.501066299,3
548052.0,62,4,4,2898.0,582024,2637.0,111.461109574,3
551229.0,62,8,4,3177.0,582032,3141.0,145.80999713,2
548767.0,62,5,5,2823.0,582026,2956.0,124.473744854,3
553347.0,62,9,5,4580.0,582034,4409.0,217.944772097,2
548235.0,62,6,6,3081.0,582028,3101.0,119.898147565,2
548882.0,62,7,7,3728.0,582030,3485.0,166.305331117,2
558755.0,62,0,0,8378.0,553895,8312.0,238.352900681,5
557273.0,62,1,1,7967.0,553897,8251.0,323.381964149,4
556826.0,62,2,2,7930.0,553899,7861.0,281.236835949,4
556264.0,62,3,3,7384.0,553901,7230.0,227.119699486,3
556802.0,62,4,4,5573.0,553903,5602.0,233.788360207,3
563933.0,62,8,4,7131.0,553911,7305.0,231.59044499,2
559625.0,62,5,5,6278.0,553905,6508.0,137.611160808,3
554624.0,62,6,6,6389.0,553907,6173.0,213.298524435,2
560849.0,62,9,6,6225.0,553913,6220.0,259.252346079,2
555905.0,62,7,7,7023.0,553909,6915.0,241.762274494,2
571733.0,22,0,0,7800.0,606694,8894.0,744.346028757,5
572598.0,22,1,1,8665.0,606696,8931.0,255.575799859,4
572661.0,22,2,2,8728.0,606698,9062.0,334.36829285,4
571376.0,22,3,3,7443.0,606700,9255.0,1335.1568053,3
573010.0,22,4,4,9077.0,606702,9135.0,360.680537318,3
573134.0,22,5,5,9201.0,606704,9202.0,196.981992231,3
572738.0,22,6,6,8805.0,606706,8762.0,294.640525851,2
582799.0,22,8,6,10061.0,606710,9232.0,317.067728943,2
572908.0,22,7,7,8975.0,606708,8815.0,366.093729011,2
582156.0,22,9,7,9248.0,606712,9082.0,278.068805382,2
572432.0,28,0,0,699.0,575191,736.0,24.9502663207,5
573690.0,28,9,0,1258.0,575209,1222.0,36.2475407514,2
574429.0,28,2,0,739.0,615559,722.0,23.6017394542,4
573318.0,28,1,1,720.0,575193,740.0,28.5370949726,4
574148.0,47,0,1,830.0,579514,842.0,27.2106790182,5
575043.0,47,4,1,895.0,579522,830.0,40.1313632436,3
573383.0,28,2,2,722.0,575195,722.0,23.6017394542,4
574647.0,28,8,2,1264.0,575207,1301.0,40.4298938385,2
575530.0,28,3,2,883.0,615561,851.0,22.8390247741,3
572223.0,28,3,3,847.0,575197,851.0,22.8390247741,3
573034.0,47,1,3,811.0,579516,837.0,38.68669702,4
573779.0,28,1,3,745.0,615557,740.0,28.5370949726,4
574303.0,28,4,4,1293.0,575199,1355.0,41.9418143322,3
575163.0,47,2,4,860.0,579518,824.0,39.598112661,4
576619.0,28,4,4,1456.0,615563,1355.0,41.9418143322,3
574773.0,28,5,5,1639.0,575201,1604.0,43.0046203148,3
575504.0,28,0,5,731.0,615555,736.0,24.9502663207,5
577082.0,28,6,5,1578.0,615567,1603.0,43.738306708,2
584298.0,28,6,6,1499.0,575203,1603.0,43.738306708,2
585021.0,47,5,6,723.0,579524,712.0,41.1875044925,3
586654.0,28,5,6,1633.0,615565,1604.0,43.0046203148,3
583754.0,28,7,7,1598.0,575205,1539.0,42.4217856147,2
584608.0,47,3,7,854.0,579520,819.0,30.732975604,3
586123.0,28,7,7,1515.0,615569,1539.0,42.4217856147,2
