8587.0,70,9,0,8587.0,600490,8807.0,303.441640101,2
9186.0,45,1,0,599.0,504612,582.0,37.3972627763,4
9699.0,45,0,0,513.0,504610,583.0,29.3427566602,5
7601.0,70,8,1,7601.0,600488,7908.0,338.458000971,2
8213.0,45,5,1,612.0,504620,614.0,27.0057985976,3
8752.0,45,3,1,539.0,504616,508.0,33.2003091298,3
6147.0,70,7,2,6147.0,600486,5967.0,140.876009313,2
6821.0,45,9,2,674.0,504628,668.0,37.5163122416,2
7498.0,45,8,2,677.0,504626,641.0,29.7514263258,2
5419.0,70,6,3,5419.0,600484,5408.0,213.73062239,2
7960.0,70,1,3,2541.0,600474,2405.0,92.0035897469,4
8625.0,45,6,3,665.0,504622,645.0,32.7303175086,2
5363.0,70,5,4,5363.0,600482,5534.0,197.928821603,3
7180.0,70,0,4,1817.0,600472,1848.0,85.6243171314,5
7772.0,45,7,4,592.0,504624,592.0,27.8009371292,2
7964.0,70,4,5,7964.0,600480,8173.0,201.625884669,3
8506.0,45,4,5,542.0,504618,539.0,23.6337737816,3
9131.0,45,2,5,625.0,504614,623.0,34.122804537,4
9514.0,70,3,6,9514.0,600478,9859.0,370.375382125,3
9880.0,79,2,6,366.0,499471,381.0,28.5020313219,4
10320.0,79,0,6,440.0,499467,399.0,39.9978946814,5
10587.0,70,2,7,10587.0,600476,10108.0,493.899145362,4
11010.0,79,1,7,423.0,499469,390.0,26.1007662723,4
24980.0,26,6,7,13970.0,409300,14173.0,488.132100326,2
23043.0,26,5,0,13344.0,409298,13040.0,284.310801024,3
23981.0,41,8,0,938.0,289523,904.0,32.3146943926,2
24820.0,41,6,0,839.0,289519,864.0,45.0116651547,2
21509.0,26,4,1,12757.0,409296,12852.0,344.291736758,3
22537.0,41,9,1,1028.0,289525,980.0,53.7856124374,2
23460.0,41,7,1,923.0,289521,911.0,44.8129151966,2
20065.0,26,3,2,12567.0,409294,12486.0,398.507333354,3
22747.0,96,2,2,2682.0,299331,2625.0,108.554073356,4
23591.0,41,4,2,844.0,289515,858.0,28.9908787834,3
21461.0,26,2,3,12836.0,409292,12120.0,346.031923535,4
23890.0,96,3,3,2429.0,299333,2639.0,104.020949307,3
24736.0,41,5,3,846.0,289517,865.0,32.5642684387,3
20602.0,26,1,4,12830.0,409290,12772.0,267.292152404,4
22966.0,96,0,4,2364.0,299327,2569.0,193.620158531,5
23828.0,41,2,4,862.0,289511,891.0,40.9393325223,4
22043.0,26,0,5,12912.0,409288,12539.0,279.630936283,5
24651.0,96,1,5,2608.0,299329,2627.0,92.3976531942,4
25541.0,41,3,5,890.0,289513,864.0,32.2415227536,3
12800.0,96,9,6,2480.0,299345,2524.0,77.1129724905,2
15604.0,96,7,6,2804.0,299341,2634.0,96.5287521933,2
18048.0,96,4,6,2444.0,299335,2591.0,80.0148670396,3
27589.0,96,8,7,2609.0,299343,2581.0,115.656205604,2
30261.0,96,6,7,2672.0,299339,2549.0,81.9870978296,2
32989.0,96,5,7,2728.0,299337,2590.0,84.0933065739,3
25772.0,41,1,0,792.0,289509,807.0,34.7440263703,4
27050.0,84,1,0,1278.0,255202,1296.0,69.1028790626,4
27839.0,77,3,0,789.0,177045,787.0,31.8514231691,3
25563.0,41,0,1,583.0,289507,635.0,41.7686296286,5
26990.0,84,3,1,1427.0,255206,1371.0,57.0573119075,3
27814.0,77,4,1,824.0,177047,781.0,36.0363851216,3
26722.0,84,9,2,1742.0,255218,1755.0,76.9161539395,2
27438.0,77,6,2,716.0,177051,789.0,44.1486722695,2
28140.0,59,8,2,702.0,55376,713.0,45.2837544938,2
26705.0,84,8,3,1725.0,255216,1711.0,83.4609741767,2
27489.0,77,7,3,784.0,177053,776.0,38.920161194,2
28226.0,59,9,3,737.0,55378,700.0,30.5882674446,2
26686.0,84,7,4,1706.0,255214,1600.0,69.6699738995,2
27428.0,77,8,4,742.0,177055,762.0,39.296812513,2
28149.0,77,0,4,721.0,177039,785.0,40.348840719,5
26919.0,84,6,5,1378.0,255212,1426.0,71.161861459,2
27704.0,77,9,5,785.0,177057,762.0,36.8875959754,2
28514.0,77,2,5,810.0,177043,781.0,38.5194414344,4
26188.0,84,5,6,1208.0,255210,1264.0,49.8397431775,3
27130.0,84,0,6,942.0,255200,993.0,52.1438041937,5
27885.0,77,1,6,755.0,177041,799.0,36.556049251,4
33693.0,84,4,7,704.0,255208,709.0,37.1388220769,3
34862.0,84,2,7,1169.0,255204,1148.0,53.4457669044,4
35619.0,77,5,7,757.0,177049,772.0,35.8817869062,3
33741.0,59,7,0,752.0,55374,704.0,32.0606333457,2
45398.0,14,0,0,11657.0,49328,11744.0,309.606452231,5
48036.0,8,5,0,2638.0,24651,2565.0,64.408462177,3
33685.0,59,6,1,696.0,55372,703.0,39.1214034836,2
45094.0,14,1,1,11409.0,49330,11334.0,357.216343116,4
46864.0,8,7,1,1770.0,24655,1762.0,46.6683708962,2
33745.0,59,5,2,756.0,55370,699.0,40.2289173291,3
45174.0,14,2,2,11429.0,49332,11540.0,343.689333403,4
47566.0,8,6,2,2392.0,24653,2457.0,60.9102877837,2
33751.0,59,4,3,762.0,55368,717.0,42.7825284064,3
34534.0,21,7,3,783.0,29405,774.0,57.3823739671,2
35276.0,21,3,3,742.0,29397,768.0,36.963139534,3
33692.0,59,3,4,703.0,55366,717.0,29.4509404729,3
34475.0,21,6,4,783.0,29403,775.0,31.8572473784,2
35266.0,21,2,4,791.0,29395,784.0,38.5539608178,4
33636.0,59,2,5,647.0,55364,714.0,30.0709249328,4
33968.0,21,8,5,332.0,29407,318.0,20.4591377088,2
34791.0,21,4,5,823.0,29399,737.0,32.9182000531,3
33679.0,59,1,6,690.0,55362,727.0,27.8424136885,4
34507.0,21,5,6,828.0,29401,795.0,38.5479878648,3
35257.0,21,1,6,750.0,29393,759.0,47.986730622,4
36314.0,59,0,7,695.0,55360,680.0,35.9582726006,5
44155.0,14,3,7,7841.0,49334,7954.0,273.76514618,3
44910.0,21,0,7,755.0,29391,749.0,35.8404358526,5
59533.0,46,9,0,11497.0,81434,11188.0,365.916383891,2
77664.0,50,5,0,18131.0,78437,17753.0,871.713974094,3
79153.0,40,3,0,1489.0,57654,1534.0,44.9871034151,3
58405.0,46,8,1,11541.0,81432,11510.0,400.268761683,2
74718.0,50,4,1,16313.0,78435,16762.0,785.19642028,3
76212.0,40,5,1,1494.0,57658,1537.0,48.0353762182,3
59637.0,46,7,2,12071.0,81430,11936.0,475.242373067,2
76093.0,50,3,2,16456.0,78433,16553.0,434.061225369,3
77682.0,40,4,2,1589.0,57656,1560.0,37.9098654012,3
46754.0,46,6,3,11135.0,81428,10830.0,349.293614238,2
61585.0,50,6,3,14831.0,78439,14703.0,358.075028892,2
62680.0,40,8,3,1095.0,57664,1116.0,37.492841422,2
45387.0,46,5,4,9768.0,81426,9580.0,341.422330691,3
59672.0,46,1,4,14285.0,81418,13392.0,469.772383294,4
60993.0,40,9,4,1321.0,57666,1349.0,45.3737693758,2
45516.0,46,4,5,9897.0,81424,10509.0,302.153167851,3
57344.0,46,0,5,11828.0,81416,12207.0,386.208506543,5
70800.0,50,0,5,13456.0,78427,14227.0,443.093740825,5
48016.0,46,3,6,12397.0,81422,12425.0,615.320564721,3
64398.0,50,1,6,16382.0,78429,15154.0,1178.92491056,4
65598.0,40,7,6,1200.0,57662,1241.0,41.3952387295,2
57073.0,46,2,7,12163.0,81420,12217.0,419.409434424,4
73235.0,50,2,7,16162.0,78431,15706.0,331.311504717,4
74630.0,40,6,7,1395.0,57660,1266.0,58.3861014464,2
81771.0,82,3,0,2618.0,95237,2576.0,84.518387909,3
82241.0,13,2,0,470.0,79887,475.0,24.2427959999,4
82718.0,13,1,0,477.0,79885,471.0,27.960498452,4
86695.0,82,2,1,10483.0,95235,10351.0,247.76232244,4
88369.0,56,6,1,1674.0,78827,1732.0,43.738788037,2
90109.0,56,5,1,1740.0,78825,1765.0,94.800288696,3
85336.0,82,1,2,7654.0,95233,7618.0,204.261081642,4
87122.0,56,8,2,1786.0,78831,1742.0,61.1163471973,2
88767.0,56,7,2,1645.0,78829,1739.0,50.6776188532,2
69454.0,82,0,3,6774.0,95231,6647.0,203.283830615,5
69956.0,13,0,3,502.0,79883,544.0,31.713520278,5
71657.0,56,9,3,1701.0,78833,1721.0,41.1398129617,2
61697.0,85,9,4,704.0,81088,748.0,37.8833041965,2
62315.0,85,2,4,618.0,81074,655.0,33.6067035919,4
62494.0,13,4,4,179.0,79891,142.0,16.9825762102,3
71465.0,85,8,5,665.0,81086,685.0,25.2740765878,2
72280.0,85,3,5,815.0,81076,765.0,23.6587026383,3
72743.0,13,3,5,463.0,79889,498.0,25.5726004688,3
66241.0,85,7,6,643.0,81084,599.0,35.4122711411,2
66559.0,85,4,6,318.0,81078,349.0,22.6008849384,3
67320.0,85,1,6,761.0,81072,760.0,39.8032992549,4
75196.0,85,6,7,566.0,81082,577.0,29.1660852072,2
75653.0,85,5,7,457.0,81080,447.0,25.1404475947,3
76243.0,85,0,7,590.0,81070,591.0,30.903244592,5
95890.0,86,9,0,13172.0,125188,13115.0,247.422773704,2
96868.0,83,8,0,978.0,97082,985.0,38.4385702675,2
97774.0,83,4,0,906.0,97074,872.0,46.4026995585,3
110783.0,86,8,1,20674.0,125186,20009.0,432.702556766,2
111890.0,51,5,1,1107.0,94544,1072.0,50.0594120705,3
112894.0,51,4,1,1004.0,94542,1014.0,33.9248007402,3
105980.0,86,7,2,17213.0,125184,17324.0,415.744341988,2
106839.0,83,2,2,859.0,97070,817.0,41.3257597759,4
107611.0,83,1,2,772.0,97068,829.0,38.230739905,4
97215.0,86,6,3,18062.0,125182,18289.0,544.13996603,2
98065.0,83,0,3,850.0,97066,847.0,33.5274828352,5
98640.0,51,7,3,575.0,94548,567.0,37.0039471579,2
92913.0,86,5,4,13760.0,125180,13224.0,347.470843154,3
93722.0,83,7,4,809.0,97080,790.0,41.488616067,2
94572.0,83,5,4,850.0,97076,831.0,37.1793660941,3
84112.0,86,4,5,4959.0,125178,4978.0,134.216978689,3
96221.0,86,1,5,12109.0,125172,12098.0,569.394498337,4
97022.0,83,3,5,801.0,97072,859.0,36.0708002625,3
91691.0,86,3,6,12538.0,125176,12702.0,344.408478409,3
92469.0,83,9,6,778.0,97084,720.0,44.2795842228,2
93339.0,83,6,6,870.0,97078,841.0,41.8655429227,2
91852.0,86,2,7,12699.0,125174,12130.0,464.230217389,4
99407.0,86,0,7,7555.0,125170,7725.0,216.689026512,5
100471.0,51,6,7,1064.0,94546,1017.0,33.7206402511,2
98348.0,32,5,0,574.0,111106,543.0,17.0506983959,3
99482.0,51,1,0,1134.0,94536,1040.0,44.9377054201,4
100099.0,19,5,0,617.0,65916,605.0,32.6285312668,3
113940.0,32,4,1,1046.0,111104,1016.0,26.7495204089,3
115787.0,56,4,1,1847.0,78823,1751.0,57.670091674,3
116406.0,19,3,1,619.0,65912,597.0,26.7150657278,3
108599.0,32,3,2,988.0,111102,1023.0,31.0539005093,3
110439.0,56,3,2,1840.0,78821,1792.0,54.6056436258,3
111976.0,40,2,2,1537.0,57652,1511.0,35.2513904168,4
99694.0,32,2,3,1054.0,111100,1069.0,30.9251643403,4
101311.0,56,1,3,1617.0,78817,1723.0,55.9393468528,4
101924.0,19,0,3,613.0,65906,576.0,28.3702494284,5
95663.0,32,1,4,1091.0,111098,1123.0,33.9614332349,4
97293.0,56,0,4,1630.0,78815,1648.0,48.7592366418,5
97920.0,19,2,4,627.0,65910,586.0,32.2961623922,4
98238.0,32,0,5,1216.0,111096,1223.0,25.6988633785,5
98544.0,19,7,5,306.0,65920,295.0,16.7281672322,2
99117.0,19,6,5,573.0,65918,599.0,42.228046305,2
94317.0,51,3,6,978.0,94540,988.0,36.0664226408,3
95213.0,51,0,6,896.0,94534,921.0,35.5674304001,5
95801.0,19,4,6,588.0,65914,594.0,25.8099837884,3
101497.0,51,2,7,1026.0,94538,1029.0,38.2905787506,4
103289.0,56,2,7,1792.0,78819,1749.0,53.9657542482,4
103884.0,19,1,7,595.0,65908,583.0,28.4842985372,4
114465.0,40,1,0,1571.0,57650,1610.0,43.3508028214,4
115142.0,71,0,0,677.0,52620,714.0,29.0467409169,5
117703.0,8,3,0,2561.0,24647,2614.0,75.4295767762,3
117953.0,40,0,1,1547.0,57648,1522.0,44.4191755652,5
118639.0,71,1,1,686.0,52622,709.0,42.4987925525,4
121319.0,8,4,1,2680.0,24649,2667.0,59.5884128616,3
113290.0,99,9,2,396.0,54329,363.0,17.478633573,2
113676.0,99,3,2,386.0,54317,398.0,23.5414528014,3
114364.0,71,7,2,688.0,52634,702.0,35.7564863457,2
113288.0,99,8,3,394.0,54327,412.0,18.0930344259,2
113661.0,99,0,3,373.0,54311,360.0,22.8124504325,5
114304.0,71,4,3,643.0,52628,658.0,22.9288946643,3
113318.0,99,7,4,424.0,54325,414.0,19.8369007554,2
114141.0,71,9,4,823.0,52638,788.0,39.903139304,2
114824.0,71,3,4,683.0,52626,693.0,45.5734225411,3
113305.0,99,6,5,411.0,54323,427.0,25.6198935862,2
114102.0,71,8,5,797.0,52636,835.0,43.2075468554,2
114903.0,71,2,5,801.0,52624,698.0,35.0300247156,4
113273.0,99,5,6,379.0,54321,392.0,19.0591875897,3
113644.0,99,2,6,371.0,54315,372.0,15.8056452273,4
114393.0,71,6,6,749.0,52632,735.0,32.6272407982,2
113285.0,99,4,7,391.0,54319,406.0,18.6532768393,3
113606.0,99,1,7,321.0,54313,361.0,33.7378048142,4
114309.0,71,5,7,703.0,52630,680.0,35.217033857,3
120188.0,8,2,0,2485.0,24645,2443.0,65.2714776106,4
120983.0,73,6,0,795.0,17523,889.0,43.4765514538,2
121891.0,73,3,0,908.0,17517,922.0,42.6862482478,3
123676.0,8,1,1,2357.0,24643,2350.0,69.9156446614,4
124613.0,73,7,1,937.0,17525,889.0,59.1514336704,2
125469.0,73,4,1,856.0,17519,856.0,35.4020516801,3
118682.0,8,0,2,2276.0,24641,2285.0,50.7589504682,5
119531.0,73,8,2,849.0,17527,874.0,49.7322039051,2
120459.0,73,5,2,928.0,17521,879.0,38.7155279605,3
117037.0,27,7,3,631.0,23128,611.0,27.9828424876,2
117757.0,27,2,3,720.0,23118,715.0,32.5703691623,4
118369.0,5,2,3,612.0,19848,620.0,26.4354228063,4
117113.0,27,6,4,707.0,23126,703.0,25.7748857775,2
117801.0,27,1,4,688.0,23116,713.0,16.6918669133,4
118516.0,5,0,4,715.0,19844,659.0,60.9692761281,5
117135.0,27,5,5,729.0,23124,719.0,33.7381168164,3
117776.0,5,4,5,641.0,19852,634.0,26.9539568426,3
118435.0,5,1,5,659.0,19846,638.0,25.2166924664,4
117107.0,27,4,6,701.0,23122,706.0,25.6459189325,3
117453.0,5,5,6,346.0,19854,315.0,21.0460022457,3
118100.0,5,3,6,647.0,19850,626.0,22.2175843113,3
117107.0,27,3,7,701.0,23120,703.0,35.1185585965,3
117872.0,27,0,7,765.0,23114,734.0,25.3098690965,5
118796.0,73,9,7,924.0,17529,897.0,46.547542193,2
131993.0,54,9,0,10102.0,163516,10015.0,319.114115045,2
144670.0,54,1,0,12677.0,163500,12114.0,331.245814273,4
145443.0,49,2,0,773.0,15066,758.0,35.0031577523,4
136084.0,54,8,1,10615.0,163514,10176.0,328.705291136,2
149053.0,54,0,1,12969.0,163498,12910.0,433.593366987,5
149762.0,49,1,1,709.0,15064,725.0,37.3284144629,4
133044.0,54,7,2,11725.0,163512,11351.0,263.688866699,2
133937.0,73,2,2,893.0,17515,895.0,36.8133271062,4
134723.0,73,1,2,786.0,17513,860.0,41.3855746544,4
135257.0,54,6,3,13938.0,163510,13727.0,297.26098758,2
137494.0,12,4,3,2237.0,15861,2275.0,46.1258005208,3
138245.0,49,4,3,751.0,15070,785.0,34.8915236276,3
134585.0,54,5,4,13266.0,163508,13780.0,337.12928568,3
136879.0,12,3,4,2294.0,15859,2264.0,48.5066191902,3
137696.0,49,3,4,817.0,15068,778.0,43.035450503,3
134389.0,54,4,5,13070.0,163506,13536.0,343.576253698,3
134920.0,12,6,5,531.0,15865,575.0,29.1068358764,2
137476.0,12,1,5,2556.0,15855,2408.0,73.9614942492,4
134552.0,54,3,6,13233.0,163504,13553.0,404.269243268,3
136763.0,12,5,6,2211.0,15863,2176.0,56.1900909039,3
139195.0,12,0,6,2432.0,15853,2349.0,42.8835326019,5
134672.0,54,2,7,13353.0,163502,13158.0,480.25233225,4
135601.0,73,0,7,929.0,17511,915.0,55.2821471135,5
137915.0,12,2,7,2314.0,15857,2301.0,46.086046524,4
152737.0,74,9,0,7294.0,181446,7669.0,259.336400108,2
161901.0,74,0,0,9164.0,181428,8673.0,259.851171979,5
164048.0,36,1,0,2147.0,146925,2209.0,52.0130297441,4
157621.0,74,8,1,7859.0,181444,7679.0,198.404922212,2
158380.0,16,4,1,759.0,161155,792.0,25.5764591599,3
161012.0,36,8,1,2632.0,146939,2625.0,79.9290968691,2
142045.0,74,7,2,7322.0,181442,7526.0,239.244969149,2
150278.0,74,1,2,8233.0,181430,8417.0,207.176151848,4
152867.0,36,2,2,2589.0,146927,2635.0,81.6358248243,4
146088.0,74,6,3,7843.0,181440,7682.0,214.800880867,2
148859.0,16,3,3,2771.0,161153,2746.0,53.2655709876,3
151834.0,36,7,3,2975.0,146937,2865.0,97.0313432812,2
145514.0,74,5,4,7818.0,181438,8120.0,204.055436224,3
148246.0,36,9,4,2732.0,146941,2719.0,53.9593170336,2
150955.0,36,5,4,2709.0,146933,2610.0,68.9125112772,3
144998.0,74,4,5,7522.0,181436,8021.0,221.977950541,3
147795.0,16,0,5,2797.0,161147,2820.0,52.1470340278,5
150478.0,36,4,5,2683.0,146931,2641.0,100.582723221,3
147332.0,74,3,6,8137.0,181434,7968.0,217.253786836,3
150145.0,16,2,6,2813.0,161151,2790.0,43.0261854175,4
153105.0,36,6,6,2960.0,146935,2881.0,80.6950073457,2
146064.0,74,2,7,8149.0,181432,7977.0,190.178171308,4
148908.0,16,1,7,2844.0,161149,2865.0,68.1650473792,4
151535.0,36,3,7,2627.0,146929,2655.0,84.1047435924,3
165602.0,52,9,0,1554.0,176774,1601.0,52.4304049996,2
166372.0,37,9,0,770.0,174575,733.0,27.9866509532,2
167113.0,37,3,0,741.0,174563,741.0,36.0905294473,3
162698.0,52,8,1,1686.0,176772,1656.0,43.4885344841,2
163531.0,37,7,1,833.0,174571,786.0,49.8001004015,2
164379.0,37,0,1,848.0,174557,827.0,34.7909168424,5
154852.0,52,7,2,1985.0,176770,1953.0,50.3943396989,2
155569.0,37,4,2,717.0,174565,763.0,29.8973683052,3
156424.0,35,3,2,855.0,170751,880.0,32.4606644547,3
153408.0,52,6,3,1574.0,176768,1572.0,36.9848831139,2
155399.0,52,0,3,1991.0,176756,2023.0,80.6953171536,5
156323.0,35,1,3,924.0,170747,875.0,35.8217810836,4
152351.0,52,5,4,1396.0,176766,1433.0,38.8084364133,3
154004.0,52,1,4,1653.0,176758,1748.0,90.1329281497,4
154787.0,35,2,4,783.0,170749,882.0,33.7927117648,4
152136.0,52,4,5,1658.0,176764,1604.0,55.5554488303,3
152896.0,37,8,5,760.0,174573,763.0,40.3921240369,2
153587.0,37,2,5,691.0,174561,734.0,33.399456346,4
154877.0,52,3,6,1772.0,176762,1728.0,64.4069912845,3
155602.0,37,5,6,725.0,174567,752.0,43.4824828614,3
156304.0,35,4,6,702.0,170753,697.0,33.434775467,3
153230.0,52,2,7,1695.0,176760,1707.0,75.9378381517,4
153961.0,37,6,7,731.0,174569,704.0,39.1668495703,2
154659.0,37,1,7,698.0,174559,689.0,34.8568123675,4
167626.0,87,9,0,513.0,178448,504.0,24.8587589138,2
168100.0,91,9,0,474.0,173428,467.0,21.9230112223,2
168577.0,91,3,0,477.0,173416,489.0,29.1064742301,3
164901.0,87,8,1,522.0,178446,494.0,22.481044647,2
165418.0,87,1,1,517.0,178432,496.0,33.1890914228,4
165998.0,91,2,1,580.0,173414,597.0,24.9285294181,4
164587.0,87,7,2,539.0,178444,496.0,30.8213869697,2
165219.0,87,0,2,632.0,178430,601.0,32.3965560223,5
165706.0,91,0,2,487.0,173410,489.0,31.7480210738,5
164605.0,87,6,3,557.0,178442,547.0,32.2766006167,2
165068.0,91,8,3,463.0,173426,447.0,31.0555953091,2
165577.0,91,1,3,509.0,173412,528.0,20.218542818,4
164763.0,87,5,4,715.0,178440,715.0,31.0451284423,3
165250.0,91,5,4,487.0,173420,464.0,26.8084825539,3
166103.0,35,0,4,853.0,170745,856.0,40.3118109896,5
164812.0,87,4,5,764.0,178438,710.0,41.9225790187,3
165324.0,91,6,5,512.0,173422,525.0,39.7457710428,2
165831.0,87,9,5,507.0,146673,504.0,24.8587589138,2
164792.0,87,3,6,744.0,178436,791.0,40.68544289,3
165199.0,91,4,6,407.0,173418,451.0,22.8087587055,3
165691.0,87,8,6,492.0,146671,494.0,22.481044647,2
164748.0,87,2,7,700.0,178434,709.0,36.5885731371,4
165248.0,91,7,7,500.0,173424,482.0,30.68940328,2
167685.0,36,0,7,2437.0,146923,2354.0,75.2305054308,5
169417.0,97,9,0,840.0,181854,821.0,49.117903264,2
169976.0,87,6,0,559.0,146667,547.0,32.2766006167,2
170642.0,87,0,0,666.0,146655,601.0,32.3965560223,5
167936.0,97,8,1,823.0,181852,817.0,32.3119661719,2
168411.0,87,7,1,475.0,146669,496.0,30.8213869697,2
168870.0,87,1,1,459.0,146657,496.0,33.1890914228,4
167972.0,97,7,2,859.0,181850,848.0,36.9615732178,2
168668.0,87,4,2,696.0,146663,710.0,41.9225790187,3
167988.0,97,6,3,875.0,181848,852.0,31.4317975104,2
168742.0,87,3,3,754.0,146661,791.0,40.68544289,3
167945.0,97,5,4,832.0,181846,816.0,28.9535017426,3
168807.0,97,0,4,862.0,181836,851.0,46.1412020467,5
167948.0,97,4,5,835.0,181844,830.0,42.3688067979,3
168679.0,87,5,5,731.0,146665,715.0,31.0451284423,3
169332.0,49,0,5,653.0,15062,704.0,27.8059062261,5
167895.0,97,3,6,782.0,181842,807.0,30.0475062456,3
168791.0,97,1,6,896.0,181838,860.0,39.4852070901,4
168508.0,97,2,7,823.0,181840,852.0,39.9915780608,4
169160.0,87,2,7,652.0,146659,709.0,36.5885731371,4
172988.0,18,6,0,2346.0,214953,2644.0,200.715371923,2
173699.0,15,6,0,711.0,181662,712.0,37.7307287862,2
174347.0,15,1,0,648.0,181652,641.0,29.0901954906,4
171579.0,18,5,1,2709.0,214951,2768.0,107.104609464,3
172228.0,15,5,1,649.0,181660,666.0,26.6894420284,3
172822.0,15,0,1,594.0,181650,643.0,34.5410129983,5
172009.0,18,4,2,3341.0,214949,3325.0,127.339331171,3
172636.0,15,2,2,627.0,181654,633.0,37.7876337332,4
171950.0,18,3,3,3208.0,214947,3140.0,153.354928876,3
172639.0,15,4,3,689.0,181658,645.0,40.7514933533,3
172698.0,18,2,4,3891.0,214945,3737.0,132.797788504,4
173401.0,18,1,5,4069.0,214943,3970.0,144.057179802,4
171985.0,18,0,6,3194.0,214941,3309.0,190.546547705,5
172610.0,15,3,6,625.0,181656,628.0,22.4426755136,3
169870.0,15,9,7,710.0,181668,736.0,32.7900418131,2
170594.0,15,8,7,724.0,181666,690.0,43.1941760207,2
171313.0,15,7,7,719.0,181664,684.0,23.8737909586,2
174478.0,11,4,0,131.0,205687,117.0,11.2693109115,3
175204.0,11,3,1,857.0,205685,861.0,40.7279485056,3
175110.0,11,2,2,763.0,205683,827.0,42.1196291282,4
175192.0,11,1,3,845.0,205681,823.0,39.6796049959,4
175094.0,11,0,4,747.0,205679,784.0,20.3420746238,5
189672.0,33,9,0,783.0,213042,858.0,42.8759225772,2
189710.0,33,8,1,821.0,213040,810.0,31.28523277,2
189779.0,33,7,2,890.0,213038,794.0,38.6735323608,2
189642.0,33,6,3,753.0,213036,773.0,28.5588496746,2
189642.0,33,5,4,753.0,213034,735.0,38.2562000479,3
189560.0,33,4,5,671.0,213032,686.0,29.295410095,3
189555.0,33,3,6,666.0,213030,654.0,26.4433854031,3
190115.0,33,0,6,560.0,213024,574.0,35.243364437,5
189461.0,33,2,7,572.0,213028,625.0,28.3039889322,4
190038.0,33,1,7,577.0,213026,603.0,26.0894715607,4
201275.0,4,7,0,712.0,216934,721.0,38.9600335026,2
202038.0,4,6,1,1475.0,216932,1436.0,40.549482442,2
201942.0,4,5,2,1379.0,216930,1422.0,30.7319052452,3
202011.0,4,4,3,1448.0,216928,1472.0,32.540298902,3
202083.0,4,3,4,1520.0,216926,1422.0,49.3454791829,3
202020.0,4,2,5,1457.0,216924,1418.0,46.4998868137,4
202019.0,4,1,6,1456.0,216922,1408.0,40.7772834076,4
201984.0,4,0,7,1421.0,216920,1446.0,44.734773946,5
217551.0,2,9,0,11689.0,249403,11684.0,308.433781173,2
217314.0,2,8,1,11452.0,249401,11430.0,227.077797937,2
216403.0,2,7,2,10541.0,249399,10908.0,426.121677705,2
216057.0,2,6,3,10195.0,249397,9966.0,344.51773692,2
225803.0,2,0,3,9746.0,249385,9382.0,329.400456172,5
216421.0,2,5,4,10559.0,249395,10488.0,275.962483148,3
215902.0,2,4,5,10040.0,249393,10255.0,290.25525971,3
215413.0,2,3,6,9551.0,249391,9451.0,331.367803283,3
227600.0,2,1,6,12187.0,249387,12294.0,327.349000947,4
216516.0,2,2,7,10654.0,249389,10861.0,330.068808616,4
223838.0,6,4,0,6287.0,254092,6239.0,232.704754209,3
234395.0,58,6,0,10557.0,251518,10739.0,324.033018948,2
253229.0,22,8,0,18834.0,249568,19958.0,637.524290559,2
232977.0,6,3,1,15663.0,254090,15316.0,331.994594122,3
243966.0,58,0,1,10989.0,251506,11305.0,304.526772654,5
264592.0,22,2,1,20626.0,249556,21448.0,669.546303575,4
231653.0,6,2,2,15250.0,254088,15644.0,389.113685864,4
251030.0,22,9,2,19377.0,249570,20036.0,599.357331253,2
273713.0,22,1,2,22683.0,249554,22755.0,622.465226253,4
240559.0,6,1,3,14756.0,254086,15184.0,395.054729719,4
251127.0,58,1,3,10568.0,251508,10544.0,308.777572815,4
274112.0,22,3,3,22985.0,249558,21875.0,2006.74274175,3
230818.0,6,0,4,14397.0,254084,14554.0,298.134833502,5
240282.0,58,2,4,9464.0,251510,9831.0,309.312123063,4
260721.0,22,4,4,20439.0,249560,22339.0,627.618548248,3
226846.0,58,9,5,10944.0,251524,11035.0,451.497438356,2
238701.0,58,3,5,11855.0,251512,10661.0,1203.65946837,3
260055.0,22,5,5,21354.0,249562,21039.0,582.22873738,3
238056.0,58,8,6,10456.0,251522,10583.0,299.527606144,2
248971.0,58,5,6,10915.0,251516,10376.0,357.023495467,3
267959.0,22,7,6,18988.0,249566,19485.0,469.467164369,2
227095.0,58,7,7,10579.0,251520,10664.0,337.151863331,2
237293.0,58,4,7,10198.0,251514,10545.0,350.905385359,3
256423.0,22,6,7,19130.0,249564,19808.0,570.621404122,2
265220.0,94,9,0,11991.0,286792,11419.0,304.37741029,2
266534.0,80,8,0,1314.0,277206,1362.0,42.3809788516,2
267897.0,80,4,0,1363.0,277198,1618.0,112.196772634,3
275728.0,94,8,1,11136.0,286790,11145.0,283.068017677,2
290525.0,94,0,1,14797.0,286774,14499.0,510.823058767,5
291524.0,76,7,1,999.0,264602,968.0,54.7388777455,2
285607.0,94,7,2,11894.0,286788,11852.0,234.738734946,2
287070.0,80,6,2,1463.0,277202,1444.0,331.338338767,2
288743.0,80,2,2,1673.0,277194,1647.0,184.848522623,4
285875.0,94,6,3,11763.0,286786,11487.0,305.277832905,2
287290.0,80,7,3,1415.0,277204,1288.0,48.7106116181,2
288703.0,80,5,3,1413.0,277200,1431.0,53.3984772107,3
272182.0,94,5,4,11461.0,286784,10772.0,327.902340243,3
289789.0,94,1,4,17607.0,286776,17048.0,432.716325577,4
290736.0,76,6,4,947.0,264600,961.0,58.4585098033,2
271241.0,94,4,5,11186.0,286782,11412.0,374.705986496,3
272884.0,80,9,5,1643.0,277208,1751.0,82.5746233479,2
274408.0,80,3,5,1524.0,277196,1522.0,54.1616488904,3
282543.0,94,3,6,14584.0,286780,14564.0,331.031223682,3
283883.0,80,1,6,1340.0,277192,1348.0,38.3445254447,4
284818.0,76,9,6,935.0,264606,981.0,46.7086152315,2
271936.0,94,2,7,15513.0,286778,15233.0,330.384381401,4
273331.0,80,0,7,1395.0,277190,1420.0,48.9481734512,5
274400.0,76,8,7,1069.0,264604,975.0,67.1263537548,2
281867.0,74,9,0,7755.0,330747,7669.0,259.336400108,2
290797.0,74,0,0,8930.0,330729,8673.0,259.851171979,5
291493.0,61,6,0,696.0,305707,706.0,35.0255170141,2
299189.0,74,8,1,7665.0,330745,7679.0,198.404922212,2
306997.0,66,9,1,7808.0,313525,7912.0,174.130705597,2
307677.0,61,8,1,680.0,305711,688.0,30.9880707098,2
296375.0,74,7,2,7632.0,330743,7526.0,239.244969149,2
305052.0,74,1,2,8677.0,330731,8417.0,207.176151848,4
305678.0,61,7,2,626.0,305709,681.0,36.1899593519,2
296384.0,74,6,3,7681.0,330741,7682.0,214.800880867,2
304823.0,66,8,3,8439.0,313523,7759.0,247.989303674,2
305516.0,61,9,3,693.0,305713,689.0,23.5329556155,2
298440.0,74,5,4,7704.0,330739,8120.0,204.055436224,3
304654.0,66,4,4,6214.0,313515,6414.0,196.273144797,3
310577.0,66,3,4,5923.0,313513,6101.0,205.844448169,3
282561.0,74,4,5,8153.0,330737,8021.0,221.977950541,3
289121.0,66,5,5,6560.0,313517,6589.0,229.581650422,3
295190.0,66,2,5,6069.0,313511,5786.0,194.877633671,4
292370.0,74,3,6,7552.0,330735,7968.0,217.253786836,3
299776.0,66,7,6,7406.0,313521,7239.0,248.327690976,2
304510.0,66,0,6,4734.0,313507,5001.0,212.29603834,5
282604.0,74,2,7,8204.0,330733,7977.0,190.178171308,4
289537.0,66,6,7,6933.0,313519,7173.0,293.776212716,2
294841.0,66,1,7,5304.0,313509,5358.0,169.853528231,4
292209.0,61,5,0,685.0,305705,695.0,28.7337597152,3
292687.0,43,3,0,478.0,305065,538.0,43.7385774562,3
293331.0,69,4,0,644.0,297140,641.0,21.3094370001,3
308355.0,61,4,1,678.0,305703,699.0,32.1972130209,3
308889.0,43,1,1,534.0,305061,539.0,20.293828463,4
309448.0,69,3,1,559.0,297138,627.0,30.0068413252,3
306393.0,61,3,2,715.0,305701,703.0,30.0781438397,3
307077.0,69,8,2,684.0,297148,709.0,47.2272223015,2
307641.0,69,1,2,564.0,297134,591.0,29.8562785427,4
306211.0,61,2,3,695.0,305699,702.0,29.7615081678,4
306904.0,69,9,3,693.0,297150,734.0,34.0632538545,2
307475.0,69,0,3,571.0,297132,626.0,24.1989560453,5
311272.0,61,1,4,695.0,305697,697.0,28.297107905,4
311848.0,43,2,4,576.0,305063,527.0,28.974580511,4
312534.0,69,5,4,686.0,297142,664.0,14.4546477683,3
295883.0,61,0,5,693.0,305695,701.0,42.3581223181,5
296453.0,43,0,5,570.0,305059,570.0,23.9462116551,5
297068.0,69,2,5,615.0,297136,607.0,38.4670398899,4
304898.0,43,7,6,388.0,305073,381.0,26.8196216465,2
305425.0,43,5,6,527.0,305069,574.0,34.7021537326,3
306150.0,69,7,6,725.0,297146,710.0,26.1274205628,2
295526.0,43,6,7,685.0,305071,640.0,32.2967735068,2
296143.0,43,4,7,617.0,305067,550.0,30.9809364134,3
296733.0,69,6,7,590.0,297144,599.0,27.3408793606,2
310692.0,44,5,0,115.0,292698,121.0,16.5919289193,3
311243.0,63,7,0,551.0,288164,554.0,25.392497856,2
311721.0,63,4,0,478.0,288158,498.0,22.5796251892,3
311697.0,44,4,1,1120.0,292696,1152.0,34.2813053243,3
312294.0,63,2,1,597.0,288154,589.0,20.3026443702,4
313246.0,76,0,1,952.0,264588,986.0,42.0256500623,5
311865.0,44,3,2,1288.0,292694,1174.0,66.7399509487,3
312437.0,63,1,2,572.0,288152,558.0,33.1781078741,4
313420.0,76,1,2,983.0,264590,969.0,35.5950913233,4
311844.0,44,2,3,1267.0,292692,1190.0,79.9417386535,4
312780.0,76,5,3,936.0,264598,962.0,50.312157158,3
313184.0,39,8,3,404.0,261521,391.0,25.5279001136,2
313731.0,44,1,4,1197.0,292690,1184.0,52.2013056905,4
314400.0,63,0,4,669.0,288150,682.0,37.3047196111,5
314791.0,39,9,4,391.0,261523,393.0,17.6112254871,2
311731.0,44,0,5,1154.0,292688,1146.0,25.2463650328,5
312220.0,63,3,5,489.0,288156,474.0,21.9815113699,3
313198.0,76,2,5,978.0,264592,953.0,43.0111368687,4
311202.0,63,9,6,625.0,288168,630.0,32.6581576816,2
311854.0,63,6,6,652.0,288162,606.0,30.1031122713,2
312872.0,76,3,6,1018.0,264594,961.0,46.0856182613,3
311238.0,63,8,7,661.0,288166,645.0,38.8525891571,2
311789.0,63,5,7,551.0,288160,564.0,21.3531706015,3
312773.0,76,4,7,984.0,264596,962.0,49.8923841884,3
312883.0,39,7,0,349.0,261519,382.0,22.4669933341,2
314971.0,88,5,0,2088.0,254548,2140.0,101.446524674,3
317179.0,88,1,0,2208.0,254540,2260.0,79.1985346754,4
313648.0,39,6,1,402.0,261517,382.0,19.7566777518,2
315818.0,88,4,1,2170.0,254546,2163.0,70.9937728922,3
318094.0,88,0,1,2276.0,254538,2274.0,97.8379433446,5
313802.0,39,5,2,382.0,261515,378.0,18.9969526642,3
316182.0,88,7,2,2380.0,254552,2227.0,111.520071358,2
316926.0,9,7,2,744.0,230085,721.0,25.6147572597,2
313558.0,39,4,3,374.0,261513,369.0,18.0688740802,3
315741.0,88,9,3,2183.0,254556,2231.0,112.102525912,2
342407.0,22,0,3,26666.0,249552,22275.0,1635.67161162,5
315201.0,39,3,4,410.0,261511,388.0,25.1234321323,3
317342.0,88,3,4,2141.0,254544,2203.0,65.8666116201,3
318013.0,7,0,4,671.0,254077,668.0,34.9623481688,5
313580.0,39,2,5,382.0,261509,381.0,15.1569855356,4
315926.0,88,6,5,2346.0,254550,2171.0,100.79863982,2
316357.0,7,2,5,431.0,254081,525.0,28.0730250747,4
313279.0,39,1,6,407.0,261507,392.0,20.6812271854,4
315515.0,88,2,6,2236.0,254542,2211.0,102.424439415,4
315970.0,9,8,6,455.0,230087,482.0,35.3052851269,2
313156.0,39,0,7,383.0,261505,371.0,19.2829349153,5
315323.0,88,8,7,2167.0,254554,2212.0,88.2823669585,2
315981.0,7,1,7,658.0,254079,655.0,32.5412693441,4
320547.0,34,6,0,3368.0,361701,3347.0,147.635210106,2
321270.0,9,3,0,723.0,230077,715.0,36.2982890709,3
321998.0,9,2,0,728.0,230075,711.0,30.6818993442,4
324661.0,34,5,1,6567.0,361699,6660.0,243.213892219,3
325382.0,9,0,1,721.0,230071,705.0,35.1102024459,5
326088.0,67,6,1,706.0,229264,716.0,39.9333655508,2
324441.0,34,4,2,7515.0,361697,7664.0,217.504089496,3
325127.0,67,4,2,686.0,229260,670.0,37.555958249,3
325744.0,67,1,2,617.0,229254,638.0,33.5839482335,4
353496.0,34,3,3,11089.0,361695,8750.0,1829.60788149,3
353900.0,67,0,3,404.0,229252,394.0,25.2609538512,5
354831.0,81,8,3,931.0,227337,890.0,41.5328341892,2
326130.0,34,2,4,8117.0,361693,8287.0,346.544213781,4
326807.0,67,2,4,677.0,229256,697.0,36.1331965751,4
327713.0,81,9,4,906.0,227339,969.0,40.7855753655,2
323562.0,34,1,5,7205.0,361691,7398.0,188.143953845,4
324214.0,67,5,5,652.0,229262,653.0,28.6787561207,3
324832.0,67,3,5,618.0,229258,644.0,27.3077490448,3
322402.0,34,0,6,6432.0,361689,6510.0,196.680906413,5
323111.0,9,1,6,709.0,230073,705.0,24.4725410033,4
323797.0,67,7,6,686.0,229266,674.0,34.024565429,2
316740.0,9,6,7,759.0,230083,722.0,35.5904703389,2
317449.0,9,5,7,709.0,230081,710.0,32.3716493897,3
318144.0,9,4,7,695.0,230079,721.0,38.3887318994,3
343227.0,73,9,0,820.0,357283,897.0,46.547542193,2
344200.0,81,3,0,973.0,227327,942.0,37.84455742,3
344800.0,31,4,0,600.0,225859,599.0,29.1906618089,3
343341.0,73,8,1,934.0,357281,874.0,49.7322039051,2
344272.0,73,0,1,931.0,357265,915.0,55.2821471135,5
344878.0,31,5,1,606.0,225861,609.0,31.4734223717,3
343278.0,73,7,2,871.0,357279,889.0,59.1514336704,2
344122.0,81,6,2,844.0,227333,864.0,35.2507931975,2
344525.0,31,6,2,403.0,225863,403.0,21.7124751916,2
355714.0,73,6,3,883.0,357277,889.0,43.4765514538,2
356721.0,81,5,3,1007.0,227331,975.0,51.7336040642,3
357313.0,31,2,3,592.0,225855,595.0,20.4941583461,4
343251.0,73,5,4,844.0,357275,879.0,38.7155279605,3
344093.0,81,7,4,842.0,227335,867.0,38.421622202,2
345025.0,81,0,4,932.0,227321,967.0,43.1905204024,5
343228.0,73,4,5,821.0,357273,856.0,35.4020516801,3
344113.0,73,1,5,885.0,357267,860.0,41.3855746544,4
345091.0,81,1,5,978.0,227323,944.0,32.1327837181,4
343344.0,73,3,6,937.0,357271,922.0,42.6862482478,3
344355.0,81,2,6,1011.0,227325,964.0,36.3278565001,4
344967.0,31,1,6,612.0,225853,587.0,35.0222109976,4
343297.0,73,2,7,890.0,357269,895.0,36.8133271062,4
344270.0,81,4,7,973.0,227329,955.0,52.4878682725,3
344889.0,31,3,7,619.0,225857,611.0,28.1426815765,3
355358.0,31,0,0,527.0,225851,589.0,30.5760053843,5
359780.0,10,3,0,2467.0,404496,2434.0,106.354657434,3
363555.0,10,2,1,6242.0,404494,6588.0,211.526929976,4
364324.0,10,1,2,7011.0,404492,7107.0,282.238532936,4
364419.0,10,0,3,7106.0,404490,7026.0,216.482714759,5
364987.0,53,9,0,568.0,383157,588.0,16.2327641386,2
365806.0,53,1,0,819.0,383141,828.0,37.7756187034,4
365042.0,53,8,1,623.0,383155,606.0,25.9038708751,2
365801.0,53,0,1,759.0,383139,749.0,33.5739168811,5
365116.0,53,7,2,697.0,383153,680.0,33.2098194103,2
365142.0,53,6,3,723.0,383151,755.0,27.604871805,2
365300.0,53,5,4,881.0,383149,790.0,47.0862590304,3
365172.0,53,4,5,753.0,383147,802.0,33.6334341799,3
365254.0,53,3,6,835.0,383145,851.0,33.9837035248,3
365233.0,53,2,7,814.0,383143,842.0,36.491491438,4
366296.0,51,7,0,490.0,378602,567.0,37.0039471579,2
366843.0,51,6,1,1037.0,378600,1017.0,33.7206402511,2
366828.0,51,5,2,1022.0,378598,1072.0,50.0594120705,3
366839.0,51,4,3,1033.0,378596,1014.0,33.9248007402,3
366808.0,51,3,4,1002.0,378594,988.0,36.0664226408,3
366866.0,51,2,5,1060.0,378592,1029.0,38.2905787506,4
366874.0,51,1,6,1068.0,378590,1040.0,44.9377054201,4
366704.0,51,0,7,898.0,378588,921.0,35.5674304001,5
367521.0,1,9,0,647.0,381975,688.0,28.0223594934,2
367572.0,1,8,1,698.0,381973,672.0,26.7839307677,2
368322.0,1,1,1,750.0,381959,718.0,48.9230329998,4
367536.0,1,7,2,662.0,381971,679.0,22.6201470515,2
368156.0,1,0,2,620.0,381957,678.0,26.8862614105,5
367594.0,1,6,3,720.0,381969,725.0,18.8704028909,2
367628.0,1,5,4,754.0,381967,760.0,30.3316752969,3
367610.0,1,4,5,736.0,381965,793.0,43.0716661049,3
367698.0,1,3,6,824.0,381963,804.0,25.1928874674,3
367598.0,1,2,7,724.0,381961,718.0,40.1404114525,4
368756.0,31,6,0,434.0,380484,415.0,16.4719857877,2
368946.0,31,5,1,624.0,380482,624.0,33.8234969713,3
368902.0,31,4,2,580.0,380480,639.0,37.9646303537,3
368944.0,31,3,3,622.0,380478,645.0,38.7408393247,3
368952.0,31,2,4,630.0,380476,616.0,28.2011571244,4
368876.0,31,1,5,554.0,380474,602.0,32.9670888519,4
368914.0,31,0,6,592.0,380472,611.0,19.1657589411,5
369435.0,3,5,0,383.0,386055,406.0,22.8956442651,3
369763.0,3,4,1,711.0,386053,690.0,44.4927847492,3
369733.0,3,3,2,681.0,386051,693.0,36.5959445553,3
369799.0,3,2,3,747.0,386049,691.0,36.8916978251,4
369846.0,3,1,4,794.0,386047,690.0,36.0343403465,4
369683.0,3,0,5,631.0,386045,661.0,38.7763832086,5
370600.0,89,9,0,754.0,384383,749.0,32.9679269977,2
370661.0,89,8,1,815.0,384381,791.0,50.6291989812,2
370573.0,89,7,2,727.0,384379,726.0,34.5320598559,2
371330.0,89,1,2,757.0,384367,721.0,32.1566478352,4
370642.0,89,6,3,796.0,384377,766.0,39.9149094951,2
370686.0,89,5,4,840.0,384375,853.0,41.5677949734,3
370682.0,89,4,5,836.0,384373,818.0,41.2630840493,3
370708.0,89,3,6,862.0,384371,804.0,39.922820278,3
370557.0,89,2,7,711.0,384369,744.0,50.1449215564,4
371233.0,89,0,7,676.0,384365,697.0,32.6586814444,5
375970.0,40,9,0,2123.0,389266,2201.0,73.1309388052,2
375871.0,40,8,1,2024.0,389264,1920.0,73.0100930297,2
378400.0,40,1,1,2529.0,389250,2520.0,59.1306314777,4
375801.0,40,7,2,1954.0,389262,2042.0,64.7663614768,2
378488.0,40,0,2,2687.0,389248,2470.0,580.414425444,5
375802.0,40,6,3,1955.0,389260,2132.0,81.391775092,2
376307.0,40,5,4,2460.0,389258,2446.0,71.1412790084,3
376304.0,40,4,5,2457.0,389256,2416.0,57.8193875698,3
376115.0,40,3,6,2268.0,389254,2382.0,57.603362475,3
376346.0,40,2,7,2499.0,389252,2402.0,53.1542937811,4
378811.0,93,9,0,323.0,386652,325.0,18.823557469,2
379460.0,93,0,0,649.0,386634,684.0,42.7944905455,5
378819.0,93,8,1,331.0,386650,316.0,18.5042669332,2
379442.0,93,1,1,623.0,386636,652.0,31.4881347745,4
379278.0,93,7,2,790.0,386648,847.0,39.4181363548,2
379174.0,93,6,3,686.0,386646,699.0,32.3264190473,2
379193.0,93,5,4,705.0,386644,676.0,26.6309574506,3
379133.0,93,4,5,645.0,386642,627.0,26.3656475062,3
379208.0,93,3,6,720.0,386640,679.0,32.7016416778,3
379042.0,93,2,7,554.0,386638,545.0,28.1413724275,4
381242.0,72,9,0,945.0,399870,918.0,39.2104645001,2
381145.0,72,8,1,848.0,399868,873.0,32.609491676,2
381149.0,72,7,2,852.0,399866,825.0,35.1724697964,2
381963.0,72,0,2,814.0,399852,837.0,31.9499608763,5
381097.0,72,6,3,800.0,399864,799.0,38.4317234641,2
381985.0,72,1,3,888.0,399854,894.0,34.7803256545,4
381138.0,72,5,4,841.0,399862,825.0,29.6063648918,3
381342.0,72,4,5,1045.0,399860,1047.0,38.1165456545,3
381336.0,72,3,6,1039.0,399858,1052.0,41.8673029061,3
381189.0,72,2,7,892.0,399856,903.0,45.8910322624,4
390252.0,65,2,0,607.0,410871,626.0,30.9486416673,4
390293.0,65,1,1,648.0,410869,745.0,42.2523745829,4
390406.0,65,0,2,761.0,410867,745.0,25.0695873625,5
402739.0,48,9,0,1293.0,416264,1288.0,51.0588927251,2
402634.0,48,8,1,1188.0,416262,1256.0,47.4965649727,2
402578.0,48,7,2,1132.0,416260,1100.0,35.7500092013,2
402634.0,48,6,3,1188.0,416258,1224.0,51.3234326292,2
402557.0,48,5,4,1111.0,416256,1160.0,31.7947364065,3
402468.0,48,4,5,1022.0,416254,1056.0,35.8864803747,3
403851.0,48,0,5,1383.0,416246,1403.0,40.2820320399,5
402393.0,48,3,6,947.0,416252,966.0,40.3296939057,3
403552.0,48,1,6,1159.0,416248,1151.0,42.6037742336,4
402615.0,48,2,7,1169.0,416250,1156.0,38.7967375188,4
407205.0,58,9,0,4466.0,445502,4325.0,187.306524741,2
409049.0,16,3,0,1844.0,413791,1823.0,33.4057590371,3
409892.0,17,4,0,843.0,413239,884.0,30.821173515,3
406808.0,58,8,1,4174.0,445500,4211.0,160.264674178,2
412525.0,58,1,1,5717.0,445486,5860.0,170.949700204,4
413362.0,17,0,1,837.0,413231,840.0,33.8034566903,5
406894.0,58,7,2,4316.0,445498,4225.0,222.941548865,2
413017.0,58,0,2,6123.0,445484,6124.0,281.707551792,5
407079.0,58,6,3,4445.0,445496,4380.0,223.11181997,2
408957.0,16,1,3,1878.0,413787,1876.0,33.9370935083,4
409831.0,17,2,3,874.0,413235,895.0,28.7959701128,4
406694.0,58,5,4,4137.0,445494,4266.0,163.545543311,3
407244.0,16,4,4,550.0,413793,532.0,20.2416974533,3
407749.0,17,7,4,505.0,413245,491.0,16.4895501199,2
408285.0,58,4,5,4434.0,445492,4342.0,170.501882996,3
410092.0,16,2,5,1807.0,413789,1775.0,49.9341408362,4
410913.0,17,5,5,821.0,413241,899.0,31.0922227541,3
408290.0,58,3,6,4738.0,445490,4658.0,378.046484889,3
410021.0,16,0,6,1731.0,413785,1809.0,51.8985853169,5
410901.0,17,1,6,880.0,413233,880.0,32.2989326856,4
407731.0,58,2,7,5116.0,445488,5390.0,176.078003049,4
408561.0,17,6,7,830.0,413243,855.0,34.3073952439,2
409426.0,17,3,7,865.0,413237,857.0,25.7340139443,3
418193.0,30,9,0,8301.0,442474,8462.0,289.913866519,2
420610.0,24,4,0,2417.0,423076,2493.0,68.3559568882,3
421182.0,43,5,0,572.0,419856,575.0,37.2274304639,3
420855.0,30,8,1,7493.0,442472,7469.0,268.642905222,2
423345.0,24,6,1,2490.0,423080,2471.0,69.8132848163,2
426008.0,24,0,1,2663.0,423068,2599.0,75.3528367084,5
419468.0,30,7,2,6451.0,442470,6429.0,220.894896417,2
421758.0,24,8,2,2290.0,423084,2414.0,63.2429525926,2
424338.0,24,2,2,2580.0,423072,2480.0,68.1715328765,4
415913.0,30,6,3,6082.0,442468,5959.0,145.319421312,2
420949.0,30,0,3,5036.0,442456,5008.0,160.355025523,5
421541.0,43,4,3,592.0,419854,565.0,21.7000485083,3
414343.0,30,5,4,6594.0,442466,6851.0,182.295768926,3
416752.0,24,7,4,2409.0,423082,2475.0,79.9532100011,2
419230.0,24,1,4,2478.0,423070,2496.0,86.2122686348,4
419347.0,30,4,5,8434.0,442464,8208.0,237.343294562,3
421872.0,24,5,5,2525.0,423078,2519.0,70.6790186987,3
422263.0,43,7,5,391.0,419860,378.0,20.7908760353,2
416921.0,30,3,6,6020.0,442462,6209.0,229.445848445,3
419355.0,24,9,6,2434.0,423086,2417.0,87.3300454718,2
421895.0,24,3,6,2540.0,423074,2491.0,61.9084850914,3
414817.0,30,2,7,5391.0,442460,5220.0,205.600942042,4
420606.0,30,1,7,5789.0,442458,5669.0,269.499067472,4
421241.0,43,6,7,635.0,419858,639.0,23.0328712473,2
429163.0,14,3,0,7981.0,457625,7954.0,273.76514618,3
431906.0,56,7,0,2743.0,438080,2682.0,53.5194013026,2
434689.0,56,6,0,2783.0,438078,2703.0,97.0110682779,2
437340.0,14,2,1,11332.0,457623,11540.0,343.689333403,4
440073.0,56,4,1,2733.0,438074,2708.0,78.2818625226,3
442723.0,56,1,1,2650.0,438068,2678.0,82.2441167309,4
435628.0,14,1,2,11290.0,457621,11334.0,357.216343116,4
438220.0,56,5,2,2592.0,438076,2710.0,108.182059024,3
440847.0,56,2,2,2627.0,438070,2732.0,100.234396344,4
433616.0,14,0,3,12075.0,457619,11744.0,309.606452231,5
436296.0,56,3,3,2680.0,438072,2792.0,107.021689882,3
439027.0,56,0,3,2731.0,438066,2628.0,111.567822186,5
420032.0,75,9,4,802.0,438777,835.0,23.6041923127,2
420479.0,75,2,4,447.0,438763,440.0,28.3594874128,4
423269.0,56,8,4,2790.0,438082,2713.0,92.8894504236,2
422736.0,75,8,5,473.0,438775,447.0,25.2363042586,2
423183.0,75,4,5,447.0,438767,425.0,24.6728062535,3
423598.0,75,0,5,415.0,438759,395.0,23.4877347612,5
422314.0,75,7,6,419.0,438773,439.0,23.0242435158,2
422724.0,75,5,6,410.0,438769,429.0,21.9230712409,3
423124.0,75,1,6,400.0,438761,389.0,25.0136804674,4
421705.0,75,6,7,464.0,438771,484.0,28.2108601708,2
422133.0,75,3,7,428.0,438765,423.0,31.2161817012,3
424858.0,56,9,7,2725.0,438084,2677.0,78.6778073438,2
443120.0,98,6,0,8431.0,482267,8299.0,257.79822281,2
443813.0,23,6,0,693.0,451355,669.0,37.0083916515,2
444467.0,23,5,0,654.0,451353,690.0,25.3833762426,3
455488.0,98,5,1,12765.0,482265,12571.0,349.865880318,3
456253.0,23,0,1,765.0,451343,776.0,34.4891668728,5
456970.0,23,3,1,717.0,435579,726.0,32.5550545837,3
453028.0,98,4,2,12181.0,482263,12190.0,363.149363935,3
453728.0,23,3,2,700.0,451349,727.0,38.6412310472,3
454226.0,23,7,2,498.0,435587,541.0,38.4035017592,2
451833.0,98,3,3,12806.0,482261,12724.0,241.464059655,3
452410.0,23,8,3,577.0,435589,535.0,22.8760389468,2
453083.0,23,4,3,673.0,435581,682.0,29.923191147,3
438193.0,98,2,4,12185.0,482259,12199.0,356.723378013,4
438996.0,23,2,4,803.0,451347,739.0,35.3911972403,4
439674.0,23,6,4,678.0,435585,657.0,31.9919397744,2
437484.0,98,1,5,11476.0,482257,11943.0,351.976116863,4
438175.0,23,4,5,691.0,451351,703.0,29.7028706747,3
438841.0,23,9,5,666.0,435591,642.0,27.7607731577,2
438004.0,98,0,6,11996.0,482255,12276.0,301.626189007,5
438785.0,23,1,6,781.0,451345,752.0,32.2455627302,4
439496.0,23,5,6,711.0,435583,681.0,43.6699342557,3
426680.0,23,9,7,672.0,451361,651.0,32.7677633626,2
427168.0,23,8,7,488.0,451359,543.0,23.010066447,2
427740.0,23,7,7,572.0,451357,552.0,30.2219857232,2
453961.0,26,6,0,9494.0,485925,9355.0,249.757329591,2
454796.0,33,9,0,835.0,458141,830.0,31.986839399,2
455421.0,33,4,0,625.0,458131,665.0,36.3312247899,3
465254.0,26,5,1,8284.0,485923,8725.0,264.044035402,3
466949.0,92,1,1,1695.0,458716,1738.0,67.6784969349,4
467574.0,33,3,1,625.0,458129,632.0,27.9082613688,3
462458.0,26,4,2,8232.0,485921,8468.0,249.023202259,3
464122.0,92,3,2,1664.0,458720,1561.0,96.3939286142,3
464841.0,33,6,2,719.0,458135,745.0,36.4358123424,2
460898.0,26,3,3,7815.0,485919,7696.0,241.75912327,3
462437.0,92,6,3,1539.0,458726,1603.0,69.9466714155,2
464075.0,92,0,3,1638.0,458714,1595.0,38.5028707064,5
449877.0,26,2,4,7154.0,485917,8008.0,306.311331131,4
451517.0,92,5,4,1640.0,458724,1599.0,45.0451235751,3
452286.0,33,8,4,769.0,458139,801.0,47.2467208553,2
451494.0,26,1,5,8771.0,485915,8524.0,222.407970323,4
453175.0,92,2,5,1681.0,458718,1586.0,62.1768276349,4
453896.0,33,5,5,721.0,458133,703.0,27.0965136619,3
450835.0,26,0,6,8112.0,485913,8261.0,229.011807326,5
452457.0,92,4,6,1622.0,458722,1695.0,229.163989777,3
453259.0,33,7,6,802.0,458137,778.0,46.2615846089,2
444348.0,92,9,7,1625.0,458732,1633.0,54.7092554471,2
445963.0,92,8,7,1615.0,458730,1638.0,43.3474032489,2
447661.0,92,7,7,1698.0,458728,1685.0,65.6708498979,2
463531.0,90,9,0,6561.0,510571,6404.0,249.32023373,2
469452.0,90,0,0,5921.0,510553,5828.0,156.40854062,5
471347.0,64,2,0,1895.0,457828,1848.0,52.8985125649,4
477044.0,90,8,1,9470.0,510569,9503.0,220.927208779,2
478842.0,64,8,1,1798.0,457840,1925.0,83.831660895,2
480548.0,64,5,1,1706.0,457834,1729.0,66.8186863243,3
473886.0,90,7,2,9045.0,510567,8975.0,274.04607757,2
474409.0,33,0,2,523.0,458123,562.0,30.5963104071,5
476339.0,64,7,2,1930.0,457838,1914.0,88.3732961572,2
473828.0,90,6,3,9753.0,510565,9406.0,335.420941348,2
476016.0,64,9,3,2188.0,457842,2145.0,79.4006496063,2
477848.0,64,4,3,1832.0,457832,1791.0,392.375826821,3
467800.0,90,5,4,10830.0,510563,10732.0,315.263699147,3
469692.0,64,6,4,1892.0,457836,1919.0,78.4179759199,2
471792.0,64,0,4,2100.0,457824,2137.0,104.533852487,5
468811.0,90,4,5,11841.0,510561,12083.0,362.713298408,3
470573.0,64,3,5,1762.0,457830,1838.0,91.8086539895,3
471320.0,23,2,5,747.0,435577,716.0,36.9797597556,4
464552.0,90,3,6,7582.0,510559,7365.0,245.833164436,3
465158.0,33,2,6,606.0,458127,616.0,34.4635581753,4
465727.0,33,1,6,569.0,458125,593.0,32.5178493495,4
461982.0,90,2,7,5012.0,510557,4934.0,174.544904492,4
469944.0,90,1,7,7962.0,510555,7692.0,275.87733258,4
471790.0,64,1,7,1846.0,457826,1840.0,60.6313059661,4
472144.0,23,1,0,797.0,435575,754.0,34.2951584737,4
472671.0,43,3,0,527.0,419852,530.0,24.2043928157,3
481303.0,23,0,1,755.0,435573,770.0,44.9812534051,5
481818.0,43,2,1,515.0,419850,526.0,28.2512691843,4
477038.0,95,9,2,699.0,435472,734.0,41.4219621381,2
477646.0,95,1,2,608.0,435456,634.0,39.4040807398,4
478611.0,95,8,3,763.0,435470,796.0,44.4681731247,2
479147.0,43,1,3,536.0,419848,542.0,28.9825264962,4
472500.0,95,7,4,708.0,435468,747.0,42.9735536789,2
473209.0,95,0,4,709.0,435454,681.0,33.5756804218,5
472058.0,95,6,5,738.0,435466,712.0,38.9836672953,2
472704.0,95,2,5,646.0,435458,686.0,35.1092655337,4
468436.0,95,5,6,862.0,435464,844.0,35.3484906251,3
469019.0,43,0,6,583.0,419846,571.0,26.9834257121,5
472400.0,95,4,7,610.0,435462,708.0,50.2878817672,3
473018.0,95,3,7,618.0,435460,644.0,35.2614296513,3
481566.0,68,9,0,1018.0,495006,977.0,38.0233999975,2
482765.0,68,8,1,947.0,495004,1007.0,39.7760507156,2
481470.0,68,7,2,922.0,495002,917.0,32.0993523463,2
481352.0,68,6,3,804.0,495000,868.0,33.7404957378,2
482315.0,68,0,3,963.0,494988,970.0,51.3059963665,5
481334.0,68,5,4,786.0,494998,829.0,35.3069249209,3
482330.0,68,1,4,996.0,494990,981.0,44.2926868147,4
481651.0,68,4,5,1103.0,494996,1063.0,35.3842070035,3
481604.0,68,3,6,1056.0,494994,1038.0,33.701905303,3
481602.0,68,2,7,1054.0,494992,1063.0,70.9125480693,4
483767.0,57,9,0,1002.0,494431,1048.0,40.7925109226,2
483773.0,57,8,1,1008.0,494429,1036.0,42.0731193094,2
484842.0,57,0,1,1069.0,494413,1092.0,153.801469776,5
483891.0,57,7,2,1126.0,494427,1029.0,38.6453510515,2
485147.0,57,1,2,1256.0,494415,1208.0,34.3448456257,4
483752.0,57,6,3,987.0,494425,1063.0,40.5545766124,2
483833.0,57,5,4,1068.0,494423,1040.0,36.9181170758,3
483851.0,57,4,5,1086.0,494421,1118.0,45.9026429694,3
483798.0,57,3,6,1033.0,494419,1037.0,36.398778175,3
483850.0,57,2,7,1085.0,494417,1115.0,49.0521741564,4
486258.0,29,9,0,549.0,494689,597.0,31.8752089776,2
486279.0,29,8,1,570.0,494687,558.0,21.5787419759,2
486212.0,29,7,2,503.0,494685,535.0,25.3098690965,2
486558.0,29,0,2,346.0,494671,369.0,20.3588852968,5
486274.0,29,6,3,565.0,494683,588.0,26.7107311374,2
486274.0,29,5,4,565.0,494681,569.0,16.9127793477,3
486290.0,29,4,5,581.0,494679,618.0,23.3474330833,3
486400.0,29,3,6,691.0,494677,707.0,24.5504314465,3
486033.0,29,2,7,324.0,494675,335.0,21.3822356174,4
486412.0,29,1,7,379.0,494673,365.0,24.8982666909,4
488680.0,60,9,0,2122.0,520908,2169.0,89.6881145679,2
488421.0,60,8,1,1863.0,520906,1783.0,59.3725969043,2
488300.0,60,7,2,1742.0,520904,1786.0,40.8121176536,2
488363.0,60,6,3,1805.0,520902,1813.0,56.0543908792,2
488429.0,60,5,4,1871.0,520900,1843.0,58.2691350997,3
488424.0,60,4,5,1866.0,520898,1954.0,89.5587281591,3
487879.0,60,3,6,1321.0,520896,1383.0,61.4230155732,3
489767.0,60,1,6,1888.0,520892,1946.0,68.933911905,4
488255.0,60,2,7,1697.0,520894,1574.0,61.6445455819,4
490378.0,60,0,7,2123.0,520890,1969.0,88.8104279083,5
506184.0,55,8,0,637.0,530118,655.0,18.9697820646,2
506968.0,55,0,0,784.0,530102,780.0,32.2008090778,5
506293.0,55,7,1,746.0,530116,726.0,35.8101352898,2
506307.0,55,6,2,760.0,530114,739.0,26.8443368525,2
506321.0,55,5,3,774.0,530112,761.0,31.324238135,3
506234.0,55,4,4,687.0,530110,743.0,29.4962531073,3
506355.0,55,3,5,808.0,530108,762.0,40.6712105601,3
506292.0,55,2,6,745.0,530106,758.0,39.3076931,4
506342.0,55,1,7,795.0,530104,774.0,29.4821980185,4
523141.0,78,9,0,2879.0,561307,2896.0,94.2523348866,2
523260.0,78,8,1,2998.0,561305,3036.0,84.1226391708,2
523225.0,78,7,2,2963.0,561303,2984.0,70.3927889549,2
522953.0,78,6,3,2691.0,561301,2773.0,68.69375211,2
525920.0,78,1,3,2967.0,561291,2850.0,105.036773009,4
523212.0,78,5,4,2950.0,561299,2918.0,76.3952843681,3
523198.0,78,4,5,2936.0,561297,2902.0,95.3653776963,3
523288.0,78,3,6,3026.0,561295,3019.0,72.968973219,3
523109.0,78,2,7,2847.0,561293,2890.0,65.0921613843,4
524816.0,78,0,7,1707.0,561289,1791.0,74.4167496709,5
528346.0,20,9,0,2426.0,535593,2406.0,66.7654969198,2
528407.0,20,8,1,2487.0,535591,2300.0,365.384022927,2
528046.0,20,7,2,2126.0,535589,2076.0,65.2129305873,2
527734.0,20,6,3,1814.0,535587,1856.0,48.8303992891,2
530095.0,20,1,3,2361.0,535577,2335.0,68.0880814982,4
527919.0,20,5,4,1999.0,535585,2010.0,57.5681746874,3
529914.0,20,0,4,1995.0,535575,2062.0,69.0678346951,5
528072.0,20,4,5,2152.0,535583,2181.0,52.2484953196,3
528233.0,20,3,6,2313.0,535581,2353.0,40.8004127946,3
528320.0,20,2,7,2400.0,535579,2409.0,49.2160649852,4
534638.0,6,4,0,6292.0,569700,6239.0,232.704754209,3
534978.0,25,0,0,340.0,538067,347.0,21.6889494055,5
543392.0,6,3,1,14985.0,569698,15316.0,331.994594122,3
544347.0,6,2,2,16301.0,569696,15644.0,389.113685864,4
545786.0,6,1,3,15691.0,569694,15184.0,395.054729719,4
544504.0,6,0,4,14590.0,569692,14554.0,298.134833502,5
528863.0,25,9,5,791.0,538085,733.0,34.2456681855,2
529688.0,25,6,5,825.0,538079,795.0,39.0145384508,2
530452.0,25,2,5,764.0,538071,712.0,37.0292913928,4
528894.0,25,8,6,661.0,538083,738.0,50.4394112825,2
529563.0,25,5,6,669.0,538077,672.0,27.4921519902,3
530267.0,25,3,6,704.0,538073,742.0,35.6315575682,3
529071.0,25,7,7,751.0,538081,776.0,36.5021989244,2
529768.0,25,4,7,697.0,538075,771.0,32.0162787541,3
530374.0,25,1,7,606.0,538069,598.0,35.9742598037,4
539385.0,62,9,0,4407.0,582034,4409.0,217.944772097,2
540186.0,37,0,0,801.0,553540,832.0,51.0612635133,5
546568.0,62,8,1,3176.0,582032,3141.0,145.80999713,2
547363.0,37,8,1,795.0,553556,787.0,40.4507172534,2
548168.0,37,4,1,805.0,553548,800.0,33.784767667,3
547617.0,62,7,2,3270.0,582030,3485.0,166.305331117,2
548369.0,37,7,2,752.0,553554,792.0,31.7362071159,2
549119.0,37,2,2,750.0,553544,750.0,37.4936836786,4
548892.0,62,6,3,3106.0,582028,3101.0,119.898147565,2
549602.0,37,9,3,710.0,553558,761.0,36.0153110715,2
550339.0,37,5,3,737.0,553550,760.0,29.3999641962,3
547542.0,62,5,4,3038.0,582026,2956.0,124.473744854,3
552538.0,62,0,4,4996.0,582016,5138.0,160.824160269,5
533132.0,62,4,5,2680.0,582024,2637.0,111.461109574,3
536942.0,62,1,5,3810.0,582018,4048.0,154.755630796,4
534230.0,62,3,6,3963.0,582022,3950.0,192.501066299,3
535015.0,37,3,6,785.0,553546,772.0,34.9292518039,3
534219.0,62,2,7,3845.0,582020,3616.0,179.281930284,4
534909.0,37,6,7,690.0,553552,721.0,40.7692802307,2
535632.0,37,1,7,723.0,553542,717.0,54.9826766977,4
552176.0,62,9,0,6390.0,553913,6220.0,259.252346079,2
555414.0,62,8,1,7246.0,553911,7305.0,231.59044499,2
556243.0,62,7,2,7124.0,553909,6915.0,241.762274494,2
556456.0,62,6,3,6117.0,553907,6173.0,213.298524435,2
565103.0,62,0,3,8647.0,553895,8312.0,238.352900681,5
559141.0,62,5,4,6603.0,553905,6508.0,137.611160808,3
551885.0,62,4,5,6099.0,553903,5602.0,233.788360207,3
559998.0,62,1,5,8113.0,553897,8251.0,323.381964149,4
552848.0,62,3,6,7062.0,553901,7230.0,227.119699486,3
553289.0,62,2,7,7503.0,553899,7861.0,281.236835949,4
573385.0,22,9,0,8282.0,606712,9082.0,278.068805382,2
574304.0,22,8,1,9201.0,606710,9232.0,317.067728943,2
574210.0,22,7,2,9107.0,606708,8815.0,366.093729011,2
583642.0,22,0,2,9432.0,606694,8894.0,744.346028757,5
573528.0,22,6,3,8425.0,606706,8762.0,294.640525851,2
582354.0,22,1,3,8826.0,606696,8931.0,255.575799859,4
574608.0,22,5,4,9505.0,606704,9202.0,196.981992231,3
573988.0,22,4,5,8885.0,606702,9135.0,360.680537318,3
571580.0,22,3,6,6477.0,606700,9255.0,1335.1568053,3
573845.0,22,2,7,8742.0,606698,9062.0,334.36829285,4
574583.0,28,9,0,1198.0,615573,1222.0,36.2475407514,2
575252.0,47,5,0,669.0,579524,712.0,41.1875044925,3
576789.0,28,7,0,1537.0,575205,1539.0,42.4217856147,2
575575.0,28,8,1,1271.0,615571,1301.0,40.4298938385,2
576427.0,47,4,1,852.0,579522,830.0,40.1313632436,3
577990.0,28,6,1,1563.0,575203,1603.0,43.738306708,2
585237.0,28,7,2,1595.0,615569,1539.0,42.4217856147,2
586114.0,47,1,2,877.0,579516,837.0,38.68669702,4
587412.0,28,4,2,1298.0,575199,1355.0,41.9418143322,3
583985.0,28,6,3,1631.0,615567,1603.0,43.738306708,2
585201.0,28,9,3,1216.0,575209,1222.0,36.2475407514,2
586035.0,28,3,3,834.0,575197,851.0,22.8390247741,3
576278.0,28,5,4,1670.0,615565,1604.0,43.0046203148,3
577543.0,28,8,4,1265.0,575207,1301.0,40.4298938385,2
578296.0,28,2,4,753.0,575195,722.0,23.6017394542,4
575356.0,28,4,5,1368.0,615563,1355.0,41.9418143322,3
576215.0,47,3,5,859.0,579520,819.0,30.732975604,3
577824.0,28,5,5,1609.0,575201,1604.0,43.0046203148,3
572366.0,28,3,6,786.0,615561,851.0,22.8390247741,3
573097.0,28,0,6,731.0,615555,736.0,24.9502663207,5
573972.0,47,0,6,875.0,579514,842.0,27.2106790182,5
574544.0,28,2,7,699.0,615559,722.0,23.6017394542,4
575302.0,28,1,7,758.0,615557,740.0,28.5370949726,4
576111.0,47,2,7,809.0,579518,824.0,39.598112661,4
