657.0,59,0,0,657.0,55360,680.0,35.9582726006,5
1327.0,59,8,0,670.0,55376,713.0,45.2837544938,2
2189.0,77,6,0,862.0,177051,789.0,44.1486722695,2
735.0,59,1,1,735.0,55362,727.0,27.8424136885,4
1574.0,77,5,1,839.0,177049,772.0,35.8817869062,3
2934.0,84,1,1,1360.0,255202,1296.0,69.1028790626,4
682.0,59,2,2,682.0,55364,714.0,30.0709249328,4
1445.0,77,2,2,763.0,177043,781.0,38.5194414344,4
2256.0,77,9,2,811.0,177057,762.0,36.8875959754,2
753.0,59,3,3,753.0,55366,717.0,29.4509404729,3
1537.0,77,3,3,784.0,177045,787.0,31.8514231691,3
2884.0,84,3,3,1347.0,255206,1371.0,57.0573119075,3
774.0,59,4,4,774.0,55368,717.0,42.7825284064,3
1461.0,77,4,4,687.0,177047,781.0,36.0363851216,3
2474.0,84,0,4,1013.0,255200,993.0,52.1438041937,5
720.0,59,5,5,720.0,55370,699.0,40.2289173291,3
1434.0,59,9,5,714.0,55378,700.0,30.5882674446,2
2281.0,77,7,5,847.0,177053,776.0,38.920161194,2
724.0,59,6,6,724.0,55372,703.0,39.1214034836,2
1542.0,77,0,6,818.0,177039,785.0,40.348840719,5
2320.0,77,8,6,778.0,177055,762.0,39.296812513,2
713.0,59,7,7,713.0,55374,704.0,32.0606333457,2
1496.0,77,1,7,783.0,177041,799.0,36.556049251,4
2711.0,84,2,7,1215.0,255204,1148.0,53.4457669044,4
2868.0,84,4,0,679.0,255208,709.0,37.1388220769,3
3737.0,41,3,0,869.0,289513,864.0,32.2415227536,3
4691.0,41,8,0,954.0,289523,904.0,32.3146943926,2
4206.0,84,5,1,1272.0,255210,1264.0,49.8397431775,3
5049.0,41,5,1,843.0,289517,865.0,32.5642684387,3
7572.0,96,3,1,2523.0,299333,2639.0,104.020949307,3
3785.0,84,6,2,1529.0,255212,1426.0,71.161861459,2
4598.0,41,6,2,813.0,289519,864.0,45.0116651547,2
7272.0,96,4,2,2674.0,299335,2591.0,80.0148670396,3
4267.0,84,7,3,1383.0,255214,1600.0,69.6699738995,2
5186.0,41,9,3,919.0,289525,980.0,53.7856124374,2
7709.0,96,5,3,2523.0,299337,2590.0,84.0933065739,3
4251.0,84,8,4,1777.0,255216,1711.0,83.4609741767,2
6906.0,96,1,4,2655.0,299329,2627.0,92.3976531942,4
9597.0,96,6,4,2691.0,299339,2549.0,81.9870978296,2
4198.0,84,9,5,1917.0,255218,1755.0,76.9161539395,2
6677.0,96,2,5,2479.0,299331,2625.0,108.554073356,4
9383.0,96,7,5,2706.0,299341,2634.0,96.5287521933,2
2938.0,41,0,6,618.0,289507,635.0,41.7686296286,5
3786.0,41,2,6,848.0,289511,891.0,40.9393325223,4
4767.0,41,7,6,981.0,289521,911.0,44.8129151966,2
3493.0,41,1,7,782.0,289509,807.0,34.7440263703,4
4343.0,41,4,7,850.0,289515,858.0,28.9908787834,3
7328.0,96,0,7,2985.0,299327,2569.0,193.620158531,5
5411.0,49,0,0,720.0,15062,704.0,27.8059062261,5
7727.0,12,3,0,2316.0,15859,2264.0,48.5066191902,3
8678.0,73,7,0,951.0,17525,889.0,59.1514336704,2
8271.0,49,1,1,699.0,15064,725.0,37.3284144629,4
10572.0,12,4,1,2301.0,15861,2275.0,46.1258005208,3
11495.0,73,8,1,923.0,17527,874.0,49.7322039051,2
8015.0,49,2,2,743.0,15066,758.0,35.0031577523,4
10168.0,12,5,2,2153.0,15863,2176.0,56.1900909039,3
11077.0,73,6,2,909.0,17523,889.0,43.4765514538,2
8457.0,49,3,3,748.0,15068,778.0,43.035450503,3
9035.0,12,6,3,578.0,15865,575.0,29.1068358764,2
9935.0,73,1,3,900.0,17513,860.0,41.3855746544,4
10354.0,49,4,4,757.0,15070,785.0,34.8915236276,3
11295.0,73,0,4,941.0,17511,915.0,55.2821471135,5
12222.0,73,2,4,927.0,17515,895.0,36.8133271062,4
11753.0,12,0,5,2370.0,15853,2349.0,42.8835326019,5
12584.0,73,4,5,831.0,17519,856.0,35.4020516801,3
13533.0,73,9,5,949.0,17529,897.0,46.547542193,2
6989.0,12,1,6,2222.0,15855,2408.0,73.9614942492,4
7894.0,73,5,6,905.0,17521,879.0,38.7155279605,3
8623.0,27,1,6,729.0,23116,713.0,16.6918669133,4
9656.0,12,2,7,2328.0,15857,2301.0,46.086046524,4
10576.0,73,3,7,920.0,17517,922.0,42.6862482478,3
11308.0,27,0,7,732.0,23114,734.0,25.3098690965,5
10181.0,5,0,0,584.0,19844,659.0,60.9692761281,5
12658.0,8,1,0,2477.0,24643,2350.0,69.9156446614,4
24352.0,14,1,0,11694.0,49330,11334.0,357.216343116,4
12122.0,5,1,1,627.0,19846,638.0,25.2166924664,4
14364.0,8,0,1,2242.0,24641,2285.0,50.7589504682,5
26369.0,14,0,1,12005.0,49328,11744.0,309.606452231,5
11714.0,5,2,2,637.0,19848,620.0,26.4354228063,4
12397.0,27,5,2,683.0,23124,719.0,33.7381168164,3
14149.0,8,7,2,1752.0,24655,1762.0,46.6683708962,2
10573.0,5,3,3,638.0,19850,626.0,22.2175843113,3
11214.0,27,6,3,641.0,23126,703.0,25.7748857775,2
13757.0,8,6,3,2543.0,24653,2457.0,60.9102877837,2
12864.0,5,4,4,642.0,19852,634.0,26.9539568426,3
13495.0,27,7,4,631.0,23128,611.0,27.9828424876,2
16052.0,8,5,4,2557.0,24651,2565.0,64.408462177,3
13824.0,5,5,5,291.0,19854,315.0,21.0460022457,3
14525.0,27,4,5,701.0,23122,706.0,25.6459189325,3
17169.0,8,4,5,2644.0,24649,2667.0,59.5884128616,3
10328.0,27,2,6,731.0,23118,715.0,32.5703691623,4
12894.0,8,3,6,2566.0,24647,2614.0,75.4295767762,3
20835.0,14,3,6,7941.0,49334,7954.0,273.76514618,3
12010.0,27,3,7,702.0,23120,703.0,35.1185585965,3
14383.0,8,2,7,2373.0,24645,2443.0,65.2714776106,4
26121.0,14,2,7,11738.0,49332,11540.0,343.689333403,4
25068.0,21,0,0,716.0,29391,749.0,35.8404358526,5
27958.0,96,8,0,2890.0,299343,2581.0,115.656205604,2
28383.0,79,0,0,425.0,499467,399.0,39.9978946814,5
27119.0,21,1,1,750.0,29393,759.0,47.986730622,4
29601.0,96,9,1,2482.0,299345,2524.0,77.1129724905,2
43218.0,26,6,1,13617.0,409300,14173.0,488.132100326,2
14909.0,21,2,2,760.0,29395,784.0,38.5539608178,4
27980.0,26,3,2,13071.0,409294,12486.0,398.507333354,3
28380.0,79,2,2,400.0,499471,381.0,28.5020313219,4
14557.0,21,3,3,800.0,29397,768.0,36.963139534,3
27167.0,26,0,3,12610.0,409288,12539.0,279.630936283,5
27760.0,45,0,3,593.0,504610,583.0,29.3427566602,5
16823.0,21,4,4,771.0,29399,737.0,32.9182000531,3
17166.0,21,8,4,343.0,29407,318.0,20.4591377088,2
30211.0,26,5,4,13045.0,409298,13040.0,284.310801024,3
17989.0,21,5,5,820.0,29401,795.0,38.5479878648,3
30751.0,26,4,5,12762.0,409296,12852.0,344.291736758,3
31292.0,45,2,5,541.0,504614,623.0,34.122804537,4
21626.0,21,6,6,791.0,29403,775.0,31.8572473784,2
33838.0,26,2,6,12212.0,409292,12120.0,346.031923535,4
34198.0,79,1,6,360.0,499469,390.0,26.1007662723,4
26962.0,21,7,7,841.0,29405,774.0,57.3823739671,2
39739.0,26,1,7,12777.0,409290,12772.0,267.292152404,4
40371.0,45,1,7,632.0,504612,582.0,37.3972627763,4
29050.0,71,0,0,667.0,52620,714.0,29.0467409169,5
30643.0,40,4,0,1593.0,57656,1560.0,37.9098654012,3
45939.0,50,2,0,15296.0,78431,15706.0,331.311504717,4
43890.0,71,1,1,672.0,52622,709.0,42.4987925525,4
45369.0,40,3,1,1479.0,57654,1534.0,44.9871034151,3
59445.0,50,0,1,14076.0,78427,14227.0,443.093740825,5
29047.0,71,2,2,667.0,52624,698.0,35.0300247156,4
30694.0,40,1,2,1647.0,57650,1610.0,43.3508028214,4
47157.0,50,3,2,16463.0,78433,16553.0,434.061225369,3
28408.0,71,3,3,648.0,52626,693.0,45.5734225411,3
29940.0,40,0,3,1532.0,57648,1522.0,44.4191755652,5
31284.0,40,9,3,1344.0,57666,1349.0,45.3737693758,2
30890.0,71,4,4,679.0,52628,658.0,22.9288946643,3
31614.0,71,8,4,724.0,52636,835.0,43.2075468554,2
32781.0,40,7,4,1167.0,57662,1241.0,41.3952387295,2
31984.0,71,5,5,692.0,52630,680.0,35.217033857,3
32802.0,71,9,5,818.0,52638,788.0,39.903139304,2
34077.0,40,6,5,1275.0,57660,1266.0,58.3861014464,2
34934.0,71,6,6,736.0,52632,735.0,32.6272407982,2
36412.0,40,5,6,1478.0,57658,1537.0,48.0353762182,3
50945.0,50,1,6,14533.0,78429,15154.0,1178.92491056,4
41121.0,71,7,7,750.0,52634,702.0,35.7564863457,2
42647.0,40,2,7,1526.0,57652,1511.0,35.2513904168,4
43739.0,40,8,7,1092.0,57664,1116.0,37.492841422,2
46249.0,99,0,0,310.0,54311,360.0,22.8124504325,5
46683.0,99,8,0,434.0,54327,412.0,18.0930344259,2
46977.0,19,7,0,294.0,65920,295.0,16.7281672322,2
59788.0,99,1,1,343.0,54313,361.0,33.7378048142,4
60124.0,99,9,1,336.0,54329,363.0,17.478633573,2
60774.0,19,6,1,650.0,65918,599.0,42.228046305,2
47519.0,99,2,2,362.0,54315,372.0,15.8056452273,4
48119.0,19,0,2,600.0,65906,576.0,28.3702494284,5
65570.0,50,4,2,17451.0,78435,16762.0,785.19642028,3
43635.0,99,3,3,417.0,54317,398.0,23.5414528014,3
44168.0,19,2,3,533.0,65910,586.0,32.2961623922,4
59262.0,50,6,3,15094.0,78439,14703.0,358.075028892,2
43640.0,99,4,4,422.0,54319,406.0,18.6532768393,3
44290.0,19,3,4,650.0,65912,597.0,26.7150657278,3
56354.0,46,0,4,12064.0,81416,12207.0,386.208506543,5
43593.0,99,5,5,375.0,54321,392.0,19.0591875897,3
44163.0,19,1,5,570.0,65908,583.0,28.4842985372,4
62626.0,50,5,5,18463.0,78437,17753.0,871.713974094,3
51381.0,99,6,6,436.0,54323,427.0,25.6198935862,2
51976.0,19,5,6,595.0,65916,605.0,32.6285312668,3
65267.0,46,2,6,13291.0,81420,12217.0,419.409434424,4
44161.0,99,7,7,422.0,54325,414.0,19.8369007554,2
44734.0,19,4,7,573.0,65914,594.0,25.8099837884,3
58477.0,46,1,7,13743.0,81418,13392.0,469.772383294,4
61063.0,56,0,0,1618.0,78815,1648.0,48.7592366418,5
62834.0,56,8,0,1771.0,78831,1742.0,61.1163471973,2
74195.0,46,9,0,11361.0,81434,11188.0,365.916383891,2
62482.0,56,1,1,1708.0,78817,1723.0,55.9393468528,4
64222.0,56,9,1,1740.0,78833,1721.0,41.1398129617,2
70953.0,82,0,1,6731.0,95231,6647.0,203.283830615,5
67332.0,56,2,2,1762.0,78819,1749.0,53.9657542482,4
67788.0,13,2,2,456.0,79887,475.0,24.2427959999,4
79013.0,46,6,2,11225.0,81428,10830.0,349.293614238,2
61203.0,56,3,3,1758.0,78821,1792.0,54.6056436258,3
73339.0,46,3,3,12136.0,81422,12425.0,615.320564721,3
81202.0,82,1,3,7863.0,95233,7618.0,204.261081642,4
61196.0,56,4,4,1751.0,78823,1751.0,57.670091674,3
61690.0,13,3,4,494.0,79889,498.0,25.5726004688,3
73283.0,46,7,4,11593.0,81430,11936.0,475.242373067,2
64266.0,56,5,5,1640.0,78825,1765.0,94.800288696,3
64433.0,13,4,5,167.0,79891,142.0,16.9825762102,3
74950.0,46,4,5,10517.0,81424,10509.0,302.153167851,3
66897.0,56,6,6,1630.0,78827,1732.0,43.738788037,2
67446.0,13,0,6,549.0,79883,544.0,31.713520278,5
78740.0,46,8,6,11294.0,81432,11510.0,400.268761683,2
61154.0,56,7,7,1709.0,78829,1739.0,50.6776188532,2
61677.0,13,1,7,523.0,79885,471.0,27.960498452,4
71568.0,46,5,7,9891.0,81426,9580.0,341.422330691,3
74788.0,85,0,0,593.0,81070,591.0,30.903244592,5
77268.0,82,3,0,2480.0,95237,2576.0,84.518387909,3
87549.0,70,3,0,10281.0,600478,9859.0,370.375382125,3
71697.0,85,1,1,744.0,81072,760.0,39.8032992549,4
72313.0,45,5,1,616.0,504620,614.0,27.0057985976,3
74608.0,70,1,1,2295.0,600474,2405.0,92.0035897469,4
79722.0,85,2,2,709.0,81074,655.0,33.6067035919,4
80256.0,45,4,2,534.0,504618,539.0,23.6337737816,3
80893.0,45,9,2,637.0,504628,668.0,37.5163122416,2
81984.0,85,3,3,782.0,81076,765.0,23.6587026383,3
82563.0,45,6,3,579.0,504622,645.0,32.7303175086,2
92298.0,70,2,3,9735.0,600476,10108.0,493.899145362,4
73640.0,85,4,4,357.0,81078,349.0,22.6008849384,3
74337.0,85,8,4,697.0,81086,685.0,25.2740765878,2
74914.0,45,7,4,577.0,504624,592.0,27.8009371292,2
75360.0,85,5,5,410.0,81080,447.0,25.1404475947,3
76067.0,85,9,5,707.0,81088,748.0,37.8833041965,2
77961.0,70,0,5,1894.0,600472,1848.0,85.6243171314,5
79311.0,85,6,6,571.0,81082,577.0,29.1660852072,2
89625.0,82,2,6,10314.0,95235,10351.0,247.76232244,4
97932.0,70,4,6,8307.0,600480,8173.0,201.625884669,3
72149.0,85,7,7,581.0,81084,599.0,35.4122711411,2
72623.0,45,3,7,474.0,504616,508.0,33.2003091298,3
73257.0,45,8,7,634.0,504626,641.0,29.7514263258,2
88448.0,51,0,0,899.0,94534,921.0,35.5674304001,5
89330.0,83,1,0,882.0,97068,829.0,38.230739905,4
90143.0,83,9,0,813.0,97084,720.0,44.2795842228,2
82193.0,51,1,1,991.0,94536,1040.0,44.9377054201,4
83020.0,83,6,1,827.0,97078,841.0,41.8655429227,2
87991.0,86,4,1,4971.0,125178,4978.0,134.216978689,3
82251.0,51,2,2,1049.0,94538,1029.0,38.2905787506,4
83059.0,83,5,2,808.0,97076,831.0,37.1793660941,3
95789.0,86,1,2,12730.0,125172,12098.0,569.394498337,4
93273.0,51,3,3,975.0,94540,988.0,36.0664226408,3
94037.0,83,2,3,764.0,97070,817.0,41.3257597759,4
101447.0,86,0,3,7410.0,125170,7725.0,216.689026512,5
82238.0,51,4,4,1036.0,94542,1014.0,33.9248007402,3
83071.0,83,3,4,833.0,97072,859.0,36.0708002625,3
95752.0,86,3,4,12681.0,125176,12702.0,344.408478409,3
82237.0,51,5,5,1035.0,94544,1072.0,50.0594120705,3
83039.0,83,7,5,802.0,97080,790.0,41.488616067,2
95417.0,86,2,5,12378.0,125174,12130.0,464.230217389,4
99011.0,51,6,6,1079.0,94546,1017.0,33.7206402511,2
99962.0,83,4,6,951.0,97074,872.0,46.4026995585,3
113274.0,86,5,6,13312.0,125180,13224.0,347.470843154,3
81744.0,51,7,7,542.0,94548,567.0,37.0039471579,2
82589.0,83,0,7,845.0,97066,847.0,33.5274828352,5
83584.0,83,8,7,995.0,97082,985.0,38.4385702675,2
99204.0,32,0,0,1272.0,111096,1223.0,25.6988633785,5
107162.0,70,8,0,7958.0,600488,7908.0,338.458000971,2
99007.0,32,1,1,1075.0,111098,1123.0,33.9614332349,4
104897.0,70,7,1,5890.0,600486,5967.0,140.876009313,2
99019.0,32,2,2,1087.0,111100,1069.0,30.9251643403,4
103989.0,70,6,2,4970.0,600484,5408.0,213.73062239,2
112594.0,70,9,2,8605.0,600490,8807.0,303.441640101,2
102464.0,32,3,3,1017.0,111102,1023.0,31.0539005093,3
107766.0,70,5,3,5302.0,600482,5534.0,197.928821603,3
98955.0,32,4,4,1023.0,111104,1016.0,26.7495204089,3
112145.0,86,9,4,13190.0,125188,13115.0,247.422773704,2
98478.0,32,5,5,546.0,111106,543.0,17.0506983959,3
118393.0,86,8,5,19915.0,125186,20009.0,432.702556766,2
130632.0,86,6,6,17358.0,125182,18289.0,544.13996603,2
115301.0,86,7,7,17369.0,125184,17324.0,415.744341988,2
113873.0,87,0,0,599.0,146655,601.0,32.3965560223,5
126498.0,54,1,0,12625.0,163500,12114.0,331.245814273,4
136586.0,54,8,0,10088.0,163514,10176.0,328.705291136,2
113744.0,87,1,1,470.0,146657,496.0,33.1890914228,4
114274.0,87,8,1,530.0,146671,494.0,22.481044647,2
128265.0,54,6,1,13991.0,163510,13727.0,297.26098758,2
113962.0,87,2,2,688.0,146659,709.0,36.5885731371,4
127520.0,54,2,2,13558.0,163502,13158.0,480.25233225,4
114074.0,87,3,3,800.0,146661,791.0,40.68544289,3
127048.0,54,5,3,12974.0,163508,13780.0,337.12928568,3
113966.0,87,4,4,692.0,146663,710.0,41.9225790187,3
127900.0,54,3,4,13934.0,163504,13553.0,404.269243268,3
119059.0,87,5,5,666.0,146665,715.0,31.0451284423,3
133211.0,54,4,5,14152.0,163506,13536.0,343.576253698,3
131167.0,87,6,6,535.0,146667,547.0,32.2766006167,2
143766.0,54,0,6,12599.0,163498,12910.0,433.593366987,5
153517.0,54,9,6,9751.0,163516,10015.0,319.114115045,2
115756.0,87,7,7,455.0,146669,496.0,30.8213869697,2
116256.0,87,9,7,500.0,146673,504.0,24.8587589138,2
127357.0,54,7,7,11101.0,163512,11351.0,263.688866699,2
139030.0,36,0,0,2444.0,146923,2354.0,75.2305054308,5
141660.0,36,9,0,2630.0,146941,2719.0,53.9593170336,2
149606.0,74,3,0,7946.0,181434,7968.0,217.253786836,3
132829.0,36,1,1,2197.0,146925,2209.0,52.0130297441,4
135490.0,36,8,1,2661.0,146939,2625.0,79.9290968691,2
143545.0,74,2,1,8055.0,181432,7977.0,190.178171308,4
133340.0,36,2,2,2708.0,146927,2635.0,81.6358248243,4
136147.0,16,1,2,2807.0,161149,2865.0,68.1650473792,4
143577.0,74,7,2,7430.0,181442,7526.0,239.244969149,2
133230.0,36,3,3,2598.0,146929,2655.0,84.1047435924,3
136020.0,16,3,3,2790.0,161153,2746.0,53.2655709876,3
143808.0,74,4,3,7788.0,181436,8021.0,221.977950541,3
133246.0,36,4,4,2614.0,146931,2641.0,100.582723221,3
136103.0,16,2,4,2857.0,161151,2790.0,43.0261854175,4
143937.0,74,6,4,7834.0,181440,7682.0,214.800880867,2
135826.0,36,5,5,2615.0,146933,2610.0,68.9125112772,3
138579.0,16,0,5,2753.0,161147,2820.0,52.1470340278,5
146890.0,74,5,5,8311.0,181438,8120.0,204.055436224,3
156268.0,36,6,6,2751.0,146935,2881.0,80.6950073457,2
165174.0,74,0,6,8906.0,181428,8673.0,259.851171979,5
172724.0,74,8,6,7550.0,181444,7679.0,198.404922212,2
133550.0,36,7,7,2918.0,146937,2865.0,97.0313432812,2
134406.0,16,4,7,856.0,161155,792.0,25.5764591599,3
143047.0,74,1,7,8641.0,181430,8417.0,207.176151848,4
154358.0,35,0,0,841.0,170745,856.0,40.3118109896,5
154868.0,91,7,0,510.0,173424,482.0,30.68940328,2
155596.0,37,6,0,728.0,174569,704.0,39.1668495703,2
154438.0,35,1,1,921.0,170747,875.0,35.8217810836,4
154924.0,91,8,1,486.0,173426,447.0,31.0555953091,2
155752.0,37,5,1,828.0,174567,752.0,43.4824828614,3
154360.0,35,2,2,843.0,170749,882.0,33.7927117648,4
155231.0,37,0,2,871.0,174557,827.0,34.7909168424,5
156002.0,37,8,2,771.0,174573,763.0,40.3921240369,2
154366.0,35,3,3,849.0,170751,880.0,32.4606644547,3
154832.0,91,9,3,466.0,173428,467.0,21.9230112223,2
155649.0,37,7,3,817.0,174571,786.0,49.8001004015,2
154180.0,35,4,4,663.0,170753,697.0,33.434775467,3
154680.0,91,6,4,500.0,173422,525.0,39.7457710428,2
155464.0,37,4,4,784.0,174565,763.0,29.8973683052,3
153993.0,91,0,5,476.0,173410,489.0,31.7480210738,5
154437.0,91,3,5,444.0,173416,489.0,29.1064742301,3
155148.0,37,1,5,711.0,174559,689.0,34.8568123675,4
173269.0,91,1,6,545.0,173412,528.0,20.218542818,4
173725.0,91,4,6,456.0,173418,451.0,22.8087587055,3
174486.0,37,2,6,761.0,174561,734.0,33.399456346,4
154134.0,91,2,7,617.0,173414,597.0,24.9285294181,4
154636.0,91,5,7,502.0,173420,464.0,26.8084825539,3
155465.0,37,3,7,829.0,174563,741.0,36.0905294473,3
173502.0,37,9,0,778.0,174575,733.0,27.9866509532,2
175490.0,52,7,0,1988.0,176770,1953.0,50.3943396989,2
176039.0,87,9,0,549.0,178448,504.0,24.8587589138,2
174750.0,52,0,1,2026.0,176756,2023.0,80.6953171536,5
175558.0,87,4,1,808.0,178438,710.0,41.9225790187,3
183051.0,74,9,1,7493.0,181446,7669.0,259.336400108,2
174525.0,52,1,2,1801.0,176758,1748.0,90.1329281497,4
175344.0,87,3,2,819.0,178436,791.0,40.68544289,3
175848.0,87,8,2,504.0,178446,494.0,22.481044647,2
174252.0,52,2,3,1528.0,176760,1707.0,75.9378381517,4
174761.0,87,1,3,509.0,178432,496.0,33.1890914228,4
175480.0,87,5,3,719.0,178440,715.0,31.0451284423,3
174493.0,52,3,4,1769.0,176762,1728.0,64.4069912845,3
175214.0,87,2,4,721.0,178434,709.0,36.5885731371,4
175698.0,87,7,4,484.0,178444,496.0,30.8213869697,2
174277.0,52,4,5,1553.0,176764,1604.0,55.5554488303,3
174878.0,87,0,5,601.0,178430,601.0,32.3965560223,5
175429.0,87,6,5,551.0,178442,547.0,32.2766006167,2
175883.0,52,5,6,1397.0,176766,1433.0,38.8084364133,3
177459.0,52,8,6,1576.0,176772,1656.0,43.4885344841,2
178117.0,15,0,6,658.0,181650,643.0,34.5410129983,5
174269.0,52,6,7,1545.0,176768,1572.0,36.9848831139,2
175849.0,52,9,7,1580.0,176774,1601.0,52.4304049996,2
176510.0,15,1,7,661.0,181652,641.0,29.0901954906,4
176659.0,15,2,0,620.0,181654,633.0,37.7876337332,4
177576.0,97,1,0,917.0,181838,860.0,39.4852070901,4
180742.0,18,0,0,3166.0,214941,3309.0,190.546547705,5
183686.0,15,3,1,635.0,181656,628.0,22.4426755136,3
184583.0,97,0,1,897.0,181836,851.0,46.1412020467,5
185409.0,97,9,1,826.0,181854,821.0,49.117903264,2
176527.0,15,4,2,679.0,181658,645.0,40.7514933533,3
177370.0,97,2,2,843.0,181840,852.0,39.9915780608,4
181224.0,18,1,2,3854.0,214943,3970.0,144.057179802,4
176175.0,15,5,3,695.0,181660,666.0,26.6894420284,3
176974.0,97,3,3,799.0,181842,807.0,30.0475062456,3
177796.0,97,8,3,822.0,181852,817.0,32.3119661719,2
176418.0,15,6,4,720.0,181662,712.0,37.7307287862,2
177330.0,97,6,4,912.0,181848,852.0,31.4317975104,2
180583.0,18,4,4,3253.0,214949,3325.0,127.339331171,3
176138.0,15,7,5,709.0,181664,684.0,23.8737909586,2
176943.0,97,4,5,805.0,181844,830.0,42.3688067979,3
180055.0,18,3,5,3112.0,214947,3140.0,153.354928876,3
178884.0,15,8,6,767.0,181666,690.0,43.1941760207,2
179686.0,97,5,6,802.0,181846,816.0,28.9535017426,3
183348.0,18,2,6,3662.0,214945,3737.0,132.797788504,4
177274.0,15,9,7,764.0,181668,736.0,32.7900418131,2
178115.0,97,7,7,841.0,181850,848.0,36.9615732178,2
180906.0,18,5,7,2791.0,214951,2768.0,107.104609464,3
185946.0,18,6,0,2895.0,214953,2644.0,200.715371923,2
186700.0,11,0,0,754.0,205679,784.0,20.3420746238,5
186774.0,11,1,1,828.0,205681,823.0,39.6796049959,4
186766.0,11,2,2,820.0,205683,827.0,42.1196291282,4
186778.0,11,3,3,832.0,205685,861.0,40.7279485056,3
186063.0,11,4,4,117.0,205687,117.0,11.2693109115,3
189448.0,33,0,0,559.0,213024,574.0,35.243364437,5
190283.0,33,8,0,835.0,213040,810.0,31.28523277,2
189510.0,33,1,1,621.0,213026,603.0,26.0894715607,4
190360.0,33,9,1,850.0,213042,858.0,42.8759225772,2
189509.0,33,2,2,620.0,213028,625.0,28.3039889322,4
189514.0,33,3,3,625.0,213030,654.0,26.4433854031,3
189586.0,33,4,4,697.0,213032,686.0,29.295410095,3
189600.0,33,5,5,711.0,213034,735.0,38.2562000479,3
189660.0,33,6,6,771.0,213036,773.0,28.5588496746,2
189732.0,33,7,7,843.0,213038,794.0,38.6735323608,2
202075.0,4,0,0,1512.0,216920,1446.0,44.734773946,5
201929.0,4,1,1,1366.0,216922,1408.0,40.7772834076,4
201943.0,4,2,2,1380.0,216924,1418.0,46.4998868137,4
202050.0,4,3,3,1487.0,216926,1422.0,49.3454791829,3
202046.0,4,4,4,1483.0,216928,1472.0,32.540298902,3
202021.0,4,5,5,1458.0,216930,1422.0,30.7319052452,3
202024.0,4,6,6,1461.0,216932,1436.0,40.549482442,2
201276.0,4,7,7,713.0,216934,721.0,38.9600335026,2
216097.0,2,0,0,10235.0,249385,9382.0,329.400456172,5
227316.0,2,8,0,11219.0,249401,11430.0,227.077797937,2
218088.0,2,1,1,12226.0,249387,12294.0,327.349000947,4
216774.0,2,2,2,10912.0,249389,10861.0,330.068808616,4
215471.0,2,3,3,9609.0,249391,9451.0,331.367803283,3
227730.0,2,9,3,12259.0,249403,11684.0,308.433781173,2
216544.0,2,4,4,10682.0,249393,10255.0,290.25525971,3
216591.0,2,5,5,10729.0,249395,10488.0,275.962483148,3
215754.0,2,6,6,9892.0,249397,9966.0,344.51773692,2
216170.0,2,7,7,10308.0,249399,10908.0,426.121677705,2
227923.0,31,0,0,607.0,225851,589.0,30.5760053843,5
228901.0,81,3,0,978.0,227327,942.0,37.84455742,3
229638.0,67,2,0,737.0,229256,697.0,36.1331965751,4
218624.0,31,1,1,536.0,225853,587.0,35.0222109976,4
219557.0,81,2,1,933.0,227325,964.0,36.3278565001,4
220259.0,67,4,1,702.0,229260,670.0,37.555958249,3
217366.0,31,2,2,592.0,225855,595.0,20.4941583461,4
218344.0,81,4,2,978.0,227329,955.0,52.4878682725,3
218966.0,67,3,2,622.0,229258,644.0,27.3077490448,3
228329.0,31,3,3,599.0,225857,611.0,28.1426815765,3
229212.0,81,7,3,883.0,227335,867.0,38.421622202,2
229844.0,67,1,3,632.0,229254,638.0,33.5839482335,4
217165.0,31,4,4,621.0,225859,599.0,29.1906618089,3
218085.0,81,5,4,920.0,227331,975.0,51.7336040642,3
218754.0,67,5,4,669.0,229262,653.0,28.6787561207,3
217211.0,31,5,5,620.0,225861,609.0,31.4734223717,3
218039.0,81,6,5,828.0,227333,864.0,35.2507931975,2
218424.0,67,0,5,385.0,229252,394.0,25.2609538512,5
216196.0,31,6,6,442.0,225863,403.0,21.7124751916,2
217181.0,81,1,6,985.0,227323,944.0,32.1327837181,4
218105.0,81,9,6,924.0,227339,969.0,40.7855753655,2
217162.0,81,0,7,992.0,227321,967.0,43.1905204024,5
218058.0,81,8,7,896.0,227337,890.0,41.5328341892,2
218752.0,67,6,7,694.0,229264,716.0,39.9333655508,2
230293.0,67,7,0,655.0,229266,674.0,34.024565429,2
231023.0,9,7,0,730.0,230085,721.0,25.6147572597,2
250849.0,22,7,0,19826.0,249566,19485.0,469.467164369,2
228386.0,9,0,1,656.0,230071,705.0,35.1102024459,5
228913.0,9,8,1,527.0,230087,482.0,35.3052851269,2
248699.0,22,6,1,19786.0,249564,19808.0,570.621404122,2
228459.0,9,1,2,729.0,230073,705.0,24.4725410033,4
250510.0,22,0,2,22051.0,249552,22275.0,1635.67161162,5
260516.0,58,1,2,10006.0,251508,10544.0,308.777572815,4
230523.0,9,2,3,679.0,230075,711.0,30.6818993442,4
252316.0,22,2,3,21793.0,249556,21448.0,669.546303575,4
271640.0,22,9,3,19324.0,249570,20036.0,599.357331253,2
228442.0,9,3,4,712.0,230077,715.0,36.2982890709,3
249826.0,22,3,4,21384.0,249558,21875.0,2006.74274175,3
261394.0,58,0,4,11568.0,251506,11305.0,304.526772654,5
228452.0,9,4,5,722.0,230079,721.0,38.3887318994,3
250752.0,22,4,5,22300.0,249560,22339.0,627.618548248,3
260784.0,58,2,5,10032.0,251510,9831.0,309.312123063,4
228444.0,9,5,6,714.0,230081,710.0,32.3716493897,3
250659.0,22,1,6,22215.0,249554,22755.0,622.465226253,4
262365.0,58,3,6,11706.0,251512,10661.0,1203.65946837,3
228500.0,9,6,7,770.0,230083,722.0,35.5904703389,2
250026.0,22,5,7,21526.0,249562,21039.0,582.22873738,3
270031.0,22,8,7,20005.0,249568,19958.0,637.524290559,2
261281.0,58,4,0,10432.0,251514,10545.0,350.905385359,3
276978.0,6,3,0,15697.0,254090,15316.0,331.994594122,3
279175.0,88,8,0,2197.0,254554,2212.0,88.2823669585,2
258969.0,58,5,1,10270.0,251516,10376.0,357.023495467,3
274515.0,6,2,1,15546.0,254088,15644.0,389.113685864,4
276816.0,88,9,1,2301.0,254556,2231.0,112.102525912,2
271101.0,58,6,2,10585.0,251518,10739.0,324.033018948,2
273275.0,88,1,2,2174.0,254540,2260.0,79.1985346754,4
275441.0,88,4,2,2166.0,254546,2163.0,70.9937728922,3
282554.0,58,7,3,10914.0,251520,10664.0,337.151863331,2
284685.0,88,0,3,2131.0,254538,2274.0,97.8379433446,5
286896.0,88,3,3,2211.0,254544,2203.0,65.8666116201,3
271847.0,58,8,4,10453.0,251522,10583.0,299.527606144,2
278296.0,6,4,4,6449.0,254092,6239.0,232.704754209,3
280488.0,88,7,4,2192.0,254552,2227.0,111.520071358,2
271814.0,58,9,5,11030.0,251524,11035.0,451.497438356,2
274034.0,88,2,5,2220.0,254542,2211.0,102.424439415,4
276226.0,88,5,5,2192.0,254548,2140.0,101.446524674,3
263030.0,7,0,6,665.0,254077,668.0,34.9623481688,5
277779.0,6,0,6,14749.0,254084,14554.0,298.134833502,5
280031.0,88,6,6,2252.0,254550,2171.0,100.79863982,2
270725.0,7,1,7,694.0,254079,655.0,32.5412693441,4
271228.0,7,2,7,503.0,254081,525.0,28.0730250747,4
286085.0,6,1,7,14857.0,254086,15184.0,395.054729719,4
279565.0,39,0,0,390.0,261505,371.0,19.2829349153,5
279954.0,39,9,0,389.0,261523,393.0,17.6112254871,2
280900.0,76,7,0,946.0,264602,968.0,54.7388777455,2
277203.0,39,1,1,387.0,261507,392.0,20.6812271854,4
278161.0,76,5,1,958.0,264598,962.0,50.312157158,3
279569.0,80,2,1,1408.0,277194,1647.0,184.848522623,4
275811.0,39,2,2,370.0,261509,381.0,15.1569855356,4
276772.0,76,1,2,961.0,264590,969.0,35.5950913233,4
278196.0,80,0,2,1424.0,277190,1420.0,48.9481734512,5
287280.0,39,3,3,384.0,261511,388.0,25.1234321323,3
288215.0,76,4,3,935.0,264596,962.0,49.8923841884,3
289596.0,80,1,3,1381.0,277192,1348.0,38.3445254447,4
280849.0,39,4,4,361.0,261513,369.0,18.0688740802,3
281221.0,39,8,4,372.0,261521,391.0,25.5279001136,2
282115.0,76,6,4,894.0,264600,961.0,58.4585098033,2
276619.0,39,5,5,393.0,261515,378.0,18.9969526642,3
277642.0,76,0,5,1023.0,264588,986.0,42.0256500623,5
279181.0,80,3,5,1539.0,277196,1522.0,54.1616488904,3
280417.0,39,6,6,386.0,261517,382.0,19.7566777518,2
281416.0,76,2,6,999.0,264592,953.0,43.0111368687,4
282372.0,76,8,6,956.0,264604,975.0,67.1263537548,2
286426.0,39,7,7,341.0,261519,382.0,22.4669933341,2
287391.0,76,3,7,965.0,264594,961.0,46.0856182613,3
288403.0,76,9,7,1012.0,264606,981.0,46.7086152315,2
288555.0,80,4,0,1659.0,277198,1618.0,112.196772634,3
299824.0,94,6,0,11269.0,286786,11487.0,305.277832905,2
300507.0,63,0,0,683.0,288150,682.0,37.3047196111,5
288362.0,80,5,1,1466.0,277200,1431.0,53.3984772107,3
299756.0,94,4,1,11394.0,286782,11412.0,374.705986496,3
311356.0,94,9,1,11600.0,286792,11419.0,304.37741029,2
287874.0,80,6,2,978.0,277202,1444.0,331.338338767,2
298812.0,94,5,2,10938.0,286784,10772.0,327.902340243,3
310184.0,94,8,2,11372.0,286790,11145.0,283.068017677,2
290915.0,80,7,3,1319.0,277204,1288.0,48.7106116181,2
305740.0,94,2,3,14825.0,286778,15233.0,330.384381401,4
306313.0,63,5,3,573.0,288160,564.0,21.3531706015,3
288269.0,80,8,4,1373.0,277206,1362.0,42.3809788516,2
303277.0,94,3,4,15008.0,286780,14564.0,331.031223682,3
303802.0,63,4,4,525.0,288158,498.0,22.5796251892,3
288670.0,80,9,5,1774.0,277208,1751.0,82.5746233479,2
300714.0,94,7,5,12044.0,286788,11852.0,234.738734946,2
301284.0,63,1,5,570.0,288152,558.0,33.1781078741,4
301051.0,94,0,6,14155.0,286774,14499.0,510.823058767,5
301649.0,63,2,6,598.0,288154,589.0,20.3026443702,4
302142.0,63,3,6,493.0,288156,474.0,21.9815113699,3
305029.0,94,1,7,16626.0,286776,17048.0,432.716325577,4
305670.0,63,6,7,641.0,288162,606.0,30.1031122713,2
306244.0,63,7,7,574.0,288164,554.0,25.392497856,2
301197.0,63,8,0,690.0,288166,645.0,38.8525891571,2
301871.0,69,2,0,674.0,297136,607.0,38.4670398899,4
302424.0,43,0,0,553.0,305059,570.0,23.9462116551,5
311948.0,63,9,1,592.0,288168,630.0,32.6581576816,2
312476.0,69,1,1,528.0,297134,591.0,29.8562785427,4
313216.0,69,9,1,740.0,297150,734.0,34.0632538545,2
311361.0,44,0,2,1177.0,292688,1146.0,25.2463650328,5
312001.0,69,4,2,640.0,297140,641.0,21.3094370001,3
312465.0,43,2,2,464.0,305063,527.0,28.974580511,4
307532.0,44,1,3,1219.0,292690,1184.0,52.2013056905,4
308246.0,69,7,3,714.0,297146,710.0,26.1274205628,2
308809.0,43,4,3,563.0,305067,550.0,30.9809364134,3
305095.0,44,2,4,1293.0,292692,1190.0,79.9417386535,4
305820.0,69,8,4,725.0,297148,709.0,47.2272223015,2
306349.0,43,5,4,529.0,305069,574.0,34.7021537326,3
302285.0,44,3,5,1001.0,292694,1174.0,66.7399509487,3
302907.0,69,6,5,622.0,297144,599.0,27.3408793606,2
303467.0,43,1,5,560.0,305061,539.0,20.293828463,4
303351.0,44,4,6,1209.0,292696,1152.0,34.2813053243,3
304022.0,69,5,6,671.0,297142,664.0,14.4546477683,3
304574.0,43,3,6,552.0,305065,538.0,43.7385774562,3
306397.0,44,5,7,153.0,292698,121.0,16.5919289193,3
306983.0,69,0,7,586.0,297132,626.0,24.1989560453,5
307513.0,69,3,7,530.0,297138,627.0,30.0068413252,3
312037.0,43,6,0,681.0,305071,640.0,32.2967735068,2
312756.0,61,7,0,719.0,305709,681.0,36.1899593519,2
319624.0,66,5,0,6868.0,313517,6589.0,229.581650422,3
313578.0,43,7,1,362.0,305073,381.0,26.8196216465,2
314269.0,61,6,1,691.0,305707,706.0,35.0255170141,2
320613.0,66,4,1,6344.0,313515,6414.0,196.273144797,3
313068.0,61,0,2,603.0,305695,701.0,42.3581223181,5
318710.0,66,1,2,5642.0,313509,5358.0,169.853528231,4
326492.0,66,9,2,7782.0,313525,7912.0,174.130705597,2
312092.0,61,1,3,736.0,305697,697.0,28.297107905,4
312790.0,61,9,3,698.0,305713,689.0,23.5329556155,2
319955.0,66,7,3,7165.0,313521,7239.0,248.327690976,2
312086.0,61,2,4,730.0,305699,702.0,29.7615081678,4
317976.0,66,2,4,5890.0,313511,5786.0,194.877633671,4
326506.0,74,0,4,8530.0,330729,8673.0,259.851171979,5
312014.0,61,3,5,658.0,305701,703.0,30.0781438397,3
318166.0,66,3,5,6152.0,313513,6101.0,205.844448169,3
326649.0,74,1,5,8483.0,330731,8417.0,207.176151848,4
312039.0,61,4,6,683.0,305703,699.0,32.1972130209,3
316975.0,66,0,6,4936.0,313507,5001.0,212.29603834,5
325102.0,66,8,6,8127.0,313523,7759.0,247.989303674,2
312058.0,61,5,7,702.0,305705,695.0,28.7337597152,3
312693.0,61,8,7,635.0,305711,688.0,30.9880707098,2
319885.0,66,6,7,7192.0,313519,7173.0,293.776212716,2
327841.0,74,2,0,8217.0,330733,7977.0,190.178171308,4
334552.0,34,5,0,6711.0,361699,6660.0,243.213892219,3
328244.0,74,3,1,7631.0,330735,7968.0,217.253786836,3
336082.0,34,4,1,7838.0,361697,7664.0,217.504089496,3
334485.0,74,4,2,7993.0,330737,8021.0,221.977950541,3
337678.0,34,6,2,3193.0,361701,3347.0,147.635210106,2
328288.0,74,5,3,8333.0,330739,8120.0,204.055436224,3
334218.0,74,6,4,7712.0,330741,7682.0,214.800880867,2
346693.0,34,3,4,12475.0,361695,8750.0,1829.60788149,3
334222.0,74,7,5,7573.0,330743,7526.0,239.244969149,2
340884.0,34,0,5,6662.0,361689,6510.0,196.680906413,5
332671.0,74,8,6,7569.0,330745,7679.0,198.404922212,2
341503.0,34,2,6,8832.0,361693,8287.0,346.544213781,4
327324.0,74,9,7,7439.0,330747,7669.0,259.336400108,2
334999.0,34,1,7,7675.0,361691,7398.0,188.143953845,4
335567.0,73,0,0,1015.0,357265,915.0,55.2821471135,5
336827.0,73,1,1,745.0,357267,860.0,41.3855746544,4
337673.0,73,9,1,846.0,357283,897.0,46.547542193,2
338621.0,73,2,2,943.0,357269,895.0,36.8133271062,4
329280.0,73,3,3,992.0,357271,922.0,42.6862482478,3
347544.0,73,4,4,851.0,357273,856.0,35.4020516801,3
348450.0,73,8,4,906.0,357281,874.0,49.7322039051,2
341780.0,73,5,5,896.0,357275,879.0,38.7155279605,3
342413.0,73,6,6,910.0,357277,889.0,43.4765514538,2
335944.0,73,7,7,945.0,357279,889.0,59.1514336704,2
355897.0,10,0,0,7447.0,404490,7026.0,216.482714759,5
355486.0,10,1,1,7036.0,404492,7107.0,282.238532936,4
354934.0,10,2,2,6484.0,404494,6588.0,211.526929976,4
350742.0,10,3,3,2292.0,404496,2434.0,106.354657434,3
362954.0,53,0,0,728.0,383139,749.0,33.5739168811,5
363533.0,53,9,0,579.0,383157,588.0,16.2327641386,2
363075.0,53,1,1,849.0,383141,828.0,37.7756187034,4
363077.0,53,2,2,851.0,383143,842.0,36.491491438,4
363101.0,53,3,3,875.0,383145,851.0,33.9837035248,3
363034.0,53,4,4,808.0,383147,802.0,33.6334341799,3
363030.0,53,5,5,804.0,383149,790.0,47.0862590304,3
362994.0,53,6,6,768.0,383151,755.0,27.604871805,2
362938.0,53,7,7,712.0,383153,680.0,33.2098194103,2
363566.0,53,8,7,628.0,383155,606.0,25.9038708751,2
366563.0,51,0,0,935.0,378588,921.0,35.5674304001,5
366662.0,51,1,1,1034.0,378590,1040.0,44.9377054201,4
366669.0,51,2,2,1041.0,378592,1029.0,38.2905787506,4
366604.0,51,3,3,976.0,378594,988.0,36.0664226408,3
366638.0,51,4,4,1010.0,378596,1014.0,33.9248007402,3
366713.0,51,5,5,1085.0,378598,1072.0,50.0594120705,3
366655.0,51,6,6,1027.0,378600,1017.0,33.7206402511,2
366223.0,51,7,7,595.0,378602,567.0,37.0039471579,2
367368.0,1,0,0,655.0,381957,678.0,26.8862614105,5
368005.0,1,8,0,637.0,381973,672.0,26.7839307677,2
367407.0,1,1,1,694.0,381959,718.0,48.9230329998,4
367422.0,1,2,2,709.0,381961,718.0,40.1404114525,4
367515.0,1,3,3,802.0,381963,804.0,25.1928874674,3
367605.0,1,4,4,892.0,381965,793.0,43.0716661049,3
367420.0,1,5,5,707.0,381967,760.0,30.3316752969,3
367425.0,1,6,6,712.0,381969,725.0,18.8704028909,2
367434.0,1,7,7,721.0,381971,679.0,22.6201470515,2
368130.0,1,9,7,696.0,381975,688.0,28.0223594934,2
368937.0,31,0,0,638.0,380472,611.0,19.1657589411,5
368906.0,31,1,1,607.0,380474,602.0,32.9670888519,4
368912.0,31,2,2,613.0,380476,616.0,28.2011571244,4
368986.0,31,3,3,687.0,380478,645.0,38.7408393247,3
368950.0,31,4,4,651.0,380480,639.0,37.9646303537,3
368954.0,31,5,5,655.0,380482,624.0,33.8234969713,3
368678.0,31,6,6,379.0,380484,415.0,16.4719857877,2
369751.0,3,0,0,699.0,386045,661.0,38.7763832086,5
369748.0,3,1,1,696.0,386047,690.0,36.0343403465,4
369733.0,3,2,2,681.0,386049,691.0,36.8916978251,4
369681.0,3,3,3,629.0,386051,693.0,36.5959445553,3
369654.0,3,4,4,602.0,386053,690.0,44.4927847492,3
369471.0,3,5,5,419.0,386055,406.0,22.8956442651,3
370477.0,89,0,0,726.0,384365,697.0,32.6586814444,5
371337.0,89,8,0,860.0,384381,791.0,50.6291989812,2
370477.0,89,1,1,726.0,384367,721.0,32.1566478352,4
371187.0,89,9,1,710.0,384383,749.0,32.9679269977,2
370506.0,89,2,2,755.0,384369,744.0,50.1449215564,4
370539.0,89,3,3,788.0,384371,804.0,39.922820278,3
370590.0,89,4,4,839.0,384373,818.0,41.2630840493,3
370637.0,89,5,5,886.0,384375,853.0,41.5677949734,3
370434.0,89,6,6,683.0,384377,766.0,39.9149094951,2
370448.0,89,7,7,697.0,384379,726.0,34.5320598559,2
376431.0,40,0,0,2584.0,389248,2470.0,580.414425444,5
376378.0,40,1,1,2531.0,389250,2520.0,59.1306314777,4
376262.0,40,2,2,2415.0,389252,2402.0,53.1542937811,4
376309.0,40,3,3,2462.0,389254,2382.0,57.603362475,3
376265.0,40,4,4,2418.0,389256,2416.0,57.8193875698,3
376361.0,40,5,5,2514.0,389258,2446.0,71.1412790084,3
375927.0,40,6,6,2080.0,389260,2132.0,81.391775092,2
378107.0,40,9,6,2180.0,389266,2201.0,73.1309388052,2
375834.0,40,7,7,1987.0,389262,2042.0,64.7663614768,2
377772.0,40,8,7,1938.0,389264,1920.0,73.0100930297,2
378719.0,93,0,0,612.0,386634,684.0,42.7944905455,5
378761.0,93,1,1,654.0,386636,652.0,31.4881347745,4
378674.0,93,2,2,567.0,386638,545.0,28.1413724275,4
378988.0,93,8,2,314.0,386650,316.0,18.5042669332,2
378829.0,93,3,3,722.0,386640,679.0,32.7016416778,3
378733.0,93,4,4,626.0,386642,627.0,26.3656475062,3
379046.0,93,9,4,313.0,386652,325.0,18.823557469,2
378801.0,93,5,5,694.0,386644,676.0,26.6309574506,3
378804.0,93,6,6,697.0,386646,699.0,32.3264190473,2
378973.0,93,7,7,866.0,386648,847.0,39.4181363548,2
381095.0,72,0,0,798.0,399852,837.0,31.9499608763,5
381203.0,72,1,1,906.0,399854,894.0,34.7803256545,4
381219.0,72,2,2,922.0,399856,903.0,45.8910322624,4
381343.0,72,3,3,1046.0,399858,1052.0,41.8673029061,3
381377.0,72,4,4,1080.0,399860,1047.0,38.1165456545,3
381072.0,72,5,5,775.0,399862,825.0,29.6063648918,3
382017.0,72,9,5,945.0,399870,918.0,39.2104645001,2
381104.0,72,6,6,807.0,399864,799.0,38.4317234641,2
381982.0,72,8,6,878.0,399868,873.0,32.609491676,2
381122.0,72,7,7,825.0,399866,825.0,35.1724697964,2
390393.0,65,0,0,748.0,410867,745.0,25.0695873625,5
390396.0,65,1,1,751.0,410869,745.0,42.2523745829,4
390241.0,65,2,2,596.0,410871,626.0,30.9486416673,4
402864.0,48,0,0,1418.0,416246,1403.0,40.2820320399,5
402625.0,48,1,1,1179.0,416248,1151.0,42.6037742336,4
402599.0,48,2,2,1153.0,416250,1156.0,38.7967375188,4
402355.0,48,3,3,909.0,416252,966.0,40.3296939057,3
403689.0,48,8,3,1334.0,416262,1256.0,47.4965649727,2
402572.0,48,4,4,1126.0,416254,1056.0,35.8864803747,3
403790.0,48,9,4,1218.0,416264,1288.0,51.0588927251,2
402544.0,48,5,5,1098.0,416256,1160.0,31.7947364065,3
402756.0,48,6,6,1310.0,416258,1224.0,51.3234326292,2
402651.0,48,7,7,1205.0,416260,1100.0,35.7500092013,2
403736.0,17,0,0,872.0,413231,840.0,33.8034566903,5
405639.0,16,1,0,1903.0,413787,1876.0,33.9370935083,4
409324.0,58,7,0,3685.0,445498,4225.0,222.941548865,2
403536.0,17,1,1,911.0,413233,880.0,32.2989326856,4
404056.0,16,4,1,520.0,413793,532.0,20.2416974533,3
408490.0,58,3,1,4434.0,445490,4658.0,378.046484889,3
403448.0,17,2,2,849.0,413235,895.0,28.7959701128,4
409363.0,58,1,2,5915.0,445486,5860.0,170.949700204,4
413785.0,58,9,2,4422.0,445502,4325.0,187.306524741,2
404575.0,17,3,3,886.0,413237,857.0,25.7340139443,3
406443.0,16,3,3,1868.0,413791,1823.0,33.4057590371,3
410670.0,58,6,3,4227.0,445496,4380.0,223.11181997,2
404665.0,17,4,4,875.0,413239,884.0,30.821173515,3
410603.0,58,0,4,5938.0,445484,6124.0,281.707551792,5
403412.0,17,5,5,868.0,413241,899.0,31.0922227541,3
408543.0,58,2,5,5131.0,445488,5390.0,176.078003049,4
412910.0,58,8,5,4367.0,445500,4211.0,160.264674178,2
403627.0,17,6,6,871.0,413243,855.0,34.3073952439,2
405498.0,16,2,6,1871.0,413789,1775.0,49.9341408362,4
409728.0,58,5,6,4230.0,445494,4266.0,163.545543311,3
403107.0,17,7,7,456.0,413245,491.0,16.4895501199,2
404945.0,16,0,7,1838.0,413785,1809.0,51.8985853169,5
409467.0,58,4,7,4522.0,445492,4342.0,170.501882996,3
409919.0,43,0,0,595.0,419846,571.0,26.9834257121,5
412494.0,24,5,0,2575.0,423078,2519.0,70.6790186987,3
420683.0,30,4,0,8189.0,442464,8208.0,237.343294562,3
409085.0,43,1,1,595.0,419848,542.0,28.9825264962,4
411699.0,24,3,1,2614.0,423074,2491.0,61.9084850914,3
417071.0,30,1,1,5372.0,442458,5669.0,269.499067472,4
414393.0,43,2,2,608.0,419850,526.0,28.2512691843,4
416839.0,24,1,2,2446.0,423070,2496.0,86.2122686348,4
421578.0,30,0,2,4739.0,442456,5008.0,160.355025523,5
411186.0,43,3,3,516.0,419852,530.0,24.2043928157,3
413556.0,24,2,3,2370.0,423072,2480.0,68.1715328765,4
416177.0,24,9,3,2621.0,423086,2417.0,87.3300454718,2
411161.0,43,4,4,558.0,419854,565.0,21.7000485083,3
413684.0,24,4,4,2523.0,423076,2493.0,68.3559568882,3
420366.0,30,3,4,6682.0,442462,6209.0,229.445848445,3
413459.0,43,5,5,549.0,419856,575.0,37.2274304639,3
415929.0,24,6,5,2470.0,423080,2471.0,69.8132848163,2
421124.0,30,2,5,5195.0,442460,5220.0,205.600942042,4
410402.0,43,6,6,674.0,419858,639.0,23.0328712473,2
412854.0,24,7,6,2452.0,423082,2475.0,79.9532100011,2
419458.0,30,5,6,6604.0,442466,6851.0,182.295768926,3
409835.0,43,7,7,368.0,419860,378.0,20.7908760353,2
412372.0,24,0,7,2537.0,423068,2599.0,75.3528367084,5
414779.0,24,8,7,2407.0,423084,2414.0,63.2429525926,2
421337.0,95,0,0,654.0,435454,681.0,33.5756804218,5
426927.0,30,6,0,5590.0,442468,5959.0,145.319421312,2
417723.0,95,1,1,652.0,435456,634.0,39.4040807398,4
418533.0,95,8,1,810.0,435470,796.0,44.4681731247,2
426527.0,14,3,1,7994.0,457625,7954.0,273.76514618,3
422319.0,95,2,2,741.0,435458,686.0,35.1092655337,4
428929.0,30,7,2,6610.0,442470,6429.0,220.894896417,2
416790.0,95,3,3,613.0,435460,644.0,35.2614296513,3
417476.0,95,9,3,686.0,435472,734.0,41.4219621381,2
428766.0,14,2,3,11290.0,457623,11540.0,343.689333403,4
420981.0,95,4,4,615.0,435462,708.0,50.2878817672,3
428031.0,30,8,4,7050.0,442472,7469.0,268.642905222,2
421963.0,95,5,5,839.0,435464,844.0,35.3484906251,3
433089.0,14,1,5,11126.0,457621,11334.0,357.216343116,4
420169.0,95,6,6,711.0,435466,712.0,38.9836672953,2
428434.0,30,9,6,8265.0,442474,8462.0,289.913866519,2
415562.0,95,7,7,783.0,435468,747.0,42.9735536789,2
426903.0,14,0,7,11341.0,457619,11744.0,309.606452231,5
427767.0,23,0,0,840.0,435573,770.0,44.9812534051,5
430515.0,56,5,0,2748.0,438076,2710.0,108.182059024,3
430925.0,75,2,0,410.0,438763,440.0,28.3594874128,4
427279.0,23,1,1,752.0,435575,754.0,34.2951584737,4
429854.0,56,4,1,2575.0,438074,2708.0,78.2818625226,3
430205.0,75,1,1,351.0,438761,389.0,25.0136804674,4
429614.0,23,2,2,685.0,435577,716.0,36.9797597556,4
432330.0,56,2,2,2716.0,438070,2732.0,100.234396344,4
432749.0,75,0,2,419.0,438759,395.0,23.4877347612,5
429513.0,23,3,3,747.0,435579,726.0,32.5550545837,3
432346.0,56,3,3,2833.0,438072,2792.0,107.021689882,3
432783.0,75,3,3,437.0,438765,423.0,31.2161817012,3
428756.0,23,4,4,725.0,435581,682.0,29.923191147,3
431536.0,56,1,4,2780.0,438068,2678.0,82.2441167309,4
434210.0,56,9,4,2674.0,438084,2677.0,78.6778073438,2
433734.0,23,5,5,645.0,435583,681.0,43.6699342557,3
436369.0,56,0,5,2635.0,438066,2628.0,111.567822186,5
439060.0,56,8,5,2691.0,438082,2713.0,92.8894504236,2
429120.0,23,6,6,686.0,435585,657.0,31.9919397744,2
429769.0,23,9,6,649.0,435591,642.0,27.7607731577,2
432345.0,56,7,6,2576.0,438080,2682.0,53.5194013026,2
427343.0,23,7,7,440.0,435587,541.0,38.4035017592,2
427851.0,23,8,7,508.0,435589,535.0,22.8760389468,2
430609.0,56,6,7,2758.0,438078,2703.0,97.0110682779,2
433572.0,75,4,0,483.0,438767,425.0,24.6728062535,3
433502.0,75,5,1,413.0,438769,429.0,21.9230712409,3
433565.0,75,6,2,476.0,438771,484.0,28.2108601708,2
433504.0,75,7,3,415.0,438773,439.0,23.0242435158,2
434676.0,75,8,4,466.0,438775,447.0,25.2363042586,2
439896.0,75,9,5,836.0,438777,835.0,23.6041923127,2
440668.0,23,0,0,772.0,451343,776.0,34.4891668728,5
440631.0,23,1,1,735.0,451345,752.0,32.2455627302,4
440643.0,23,2,2,747.0,451347,739.0,35.3911972403,4
440644.0,23,3,3,748.0,451349,727.0,38.6412310472,3
440597.0,23,4,4,701.0,451351,703.0,29.7028706747,3
440620.0,23,5,5,724.0,451353,690.0,25.3833762426,3
440496.0,23,6,6,600.0,451355,669.0,37.0083916515,2
441201.0,23,9,6,705.0,451361,651.0,32.7677633626,2
440497.0,23,7,7,601.0,451357,552.0,30.2219857232,2
441051.0,23,8,7,554.0,451359,543.0,23.010066447,2
453221.0,98,0,0,11942.0,482255,12276.0,301.626189007,5
453379.0,98,1,1,12100.0,482257,11943.0,351.976116863,4
453890.0,98,2,2,12611.0,482259,12199.0,356.723378013,4
454010.0,98,3,3,12731.0,482261,12724.0,241.464059655,3
454334.0,98,4,4,13055.0,482263,12190.0,363.149363935,3
453723.0,98,5,5,12444.0,482265,12571.0,349.865880318,3
449503.0,98,6,6,8224.0,482267,8299.0,257.79822281,2
455231.0,64,0,0,2010.0,457824,2137.0,104.533852487,5
455856.0,33,5,0,625.0,458133,703.0,27.0965136619,3
457749.0,92,1,0,1893.0,458716,1738.0,67.6784969349,4
455296.0,64,1,1,1917.0,457826,1840.0,60.6313059661,4
455910.0,33,1,1,614.0,458125,593.0,32.5178493495,4
456693.0,33,7,1,783.0,458137,778.0,46.2615846089,2
455762.0,64,2,2,1872.0,457828,1848.0,52.8985125649,4
456395.0,33,2,2,633.0,458127,616.0,34.4635581753,4
457209.0,33,8,2,814.0,458139,801.0,47.2467208553,2
455700.0,64,3,3,1690.0,457830,1838.0,91.8086539895,3
456272.0,33,0,3,572.0,458123,562.0,30.5963104071,5
457004.0,33,6,3,732.0,458135,745.0,36.4358123424,2
455880.0,64,4,4,1546.0,457832,1791.0,392.375826821,3
457962.0,64,9,4,2082.0,457842,2145.0,79.4006496063,2
459515.0,92,3,4,1553.0,458720,1561.0,96.3939286142,3
455458.0,64,5,5,1735.0,457834,1729.0,66.8186863243,3
457472.0,64,8,5,2014.0,457840,1925.0,83.831660895,2
459005.0,92,2,5,1533.0,458718,1586.0,62.1768276349,4
451375.0,64,6,6,1872.0,457836,1919.0,78.4179759199,2
451997.0,33,4,6,622.0,458131,665.0,36.3312247899,3
453566.0,92,0,6,1569.0,458714,1595.0,38.5028707064,5
444230.0,64,7,7,1842.0,457838,1914.0,88.3732961572,2
444851.0,33,3,7,621.0,458129,632.0,27.9082613688,3
445670.0,33,9,7,819.0,458141,830.0,31.986839399,2
459154.0,92,4,0,1405.0,458722,1695.0,229.163989777,3
458266.0,92,5,1,1573.0,458724,1599.0,45.0451235751,3
466586.0,26,2,1,8320.0,485917,8008.0,306.311331131,4
458747.0,92,6,2,1538.0,458726,1603.0,69.9466714155,2
466548.0,26,3,2,7801.0,485919,7696.0,241.75912327,3
458612.0,92,7,3,1608.0,458728,1685.0,65.6708498979,2
467737.0,26,6,3,9125.0,485925,9355.0,249.757329591,2
461196.0,92,8,4,1681.0,458730,1638.0,43.3474032489,2
469822.0,26,5,4,8626.0,485923,8725.0,264.044035402,3
460656.0,92,9,5,1651.0,458732,1633.0,54.7092554471,2
468938.0,26,4,5,8282.0,485921,8468.0,249.023202259,3
462740.0,26,0,6,8406.0,485913,8261.0,229.011807326,5
462741.0,26,1,7,8407.0,485915,8524.0,222.407970323,4
465490.0,90,0,0,5975.0,510553,5828.0,156.40854062,5
472224.0,90,9,0,6734.0,510571,6404.0,249.32023373,2
474674.0,90,1,1,8088.0,510555,7692.0,275.87733258,4
471590.0,90,2,2,5042.0,510557,4934.0,174.544904492,4
481140.0,90,8,2,9550.0,510569,9503.0,220.927208779,2
474945.0,90,3,3,7208.0,510559,7365.0,245.833164436,3
482170.0,90,4,4,12348.0,510561,12083.0,362.713298408,3
479704.0,90,5,5,10766.0,510563,10732.0,315.263699147,3
471565.0,90,6,6,8825.0,510565,9406.0,335.420941348,2
471773.0,90,7,7,9032.0,510567,8975.0,274.04607757,2
473111.0,68,0,0,887.0,494988,970.0,51.3059963665,5
475614.0,68,1,1,940.0,494990,981.0,44.2926868147,4
482221.0,68,2,2,1081.0,494992,1063.0,70.9125480693,4
475951.0,68,3,3,1006.0,494994,1038.0,33.701905303,3
483234.0,68,4,4,1064.0,494996,1063.0,35.3842070035,3
480556.0,68,5,5,852.0,494998,829.0,35.3069249209,3
481597.0,68,8,5,1041.0,495004,1007.0,39.7760507156,2
472416.0,68,6,6,851.0,495000,868.0,33.7404957378,2
473394.0,68,9,6,978.0,495006,977.0,38.0233999975,2
472710.0,68,7,7,937.0,495002,917.0,32.0993523463,2
484535.0,57,0,0,1301.0,494413,1092.0,153.801469776,5
484421.0,57,1,1,1187.0,494415,1208.0,34.3448456257,4
484368.0,57,2,2,1134.0,494417,1115.0,49.0521741564,4
484248.0,57,3,3,1014.0,494419,1037.0,36.398778175,3
485268.0,57,9,3,1020.0,494431,1048.0,40.7925109226,2
484348.0,57,4,4,1114.0,494421,1118.0,45.9026429694,3
484274.0,57,5,5,1040.0,494423,1040.0,36.9181170758,3
484325.0,57,6,6,1091.0,494425,1063.0,40.5545766124,2
484354.0,57,7,7,1120.0,494427,1029.0,38.6453510515,2
485387.0,57,8,7,1033.0,494429,1036.0,42.0731193094,2
486083.0,29,0,0,374.0,494671,369.0,20.3588852968,5
486100.0,29,1,1,391.0,494673,365.0,24.8982666909,4
486704.0,29,9,1,604.0,494689,597.0,31.8752089776,2
486056.0,29,2,2,347.0,494675,335.0,21.3822356174,4
486604.0,29,8,2,548.0,494687,558.0,21.5787419759,2
486410.0,29,3,3,701.0,494677,707.0,24.5504314465,3
486327.0,29,4,4,618.0,494679,618.0,23.3474330833,3
486278.0,29,5,5,569.0,494681,569.0,16.9127793477,3
486323.0,29,6,6,614.0,494683,588.0,26.7107311374,2
486247.0,29,7,7,538.0,494685,535.0,25.3098690965,2
488702.0,60,0,0,1998.0,520890,1969.0,88.8104279083,5
488605.0,60,1,1,1901.0,520892,1946.0,68.933911905,4
488238.0,60,2,2,1534.0,520894,1574.0,61.6445455819,4
490486.0,60,9,2,2248.0,520908,2169.0,89.6881145679,2
488154.0,60,3,3,1450.0,520896,1383.0,61.4230155732,3
490035.0,60,8,3,1881.0,520906,1783.0,59.3725969043,2
488721.0,60,4,4,2017.0,520898,1954.0,89.5587281591,3
488550.0,60,5,5,1846.0,520900,1843.0,58.2691350997,3
488562.0,60,6,6,1858.0,520902,1813.0,56.0543908792,2
488532.0,60,7,7,1828.0,520904,1786.0,40.8121176536,2
506295.0,55,0,0,748.0,530102,780.0,32.2008090778,5
506363.0,55,1,1,816.0,530104,774.0,29.4821980185,4
506279.0,55,2,2,732.0,530106,758.0,39.3076931,4
506286.0,55,3,3,739.0,530108,762.0,40.6712105601,3
506187.0,55,4,4,640.0,530110,743.0,29.4962531073,3
506226.0,55,5,5,679.0,530112,761.0,31.324238135,3
506301.0,55,6,6,754.0,530114,739.0,26.8443368525,2
506347.0,55,7,7,800.0,530116,726.0,35.8101352898,2
506974.0,55,8,7,627.0,530118,655.0,18.9697820646,2
522188.0,78,0,0,1926.0,561289,1791.0,74.4167496709,5
525307.0,78,8,0,3119.0,561305,3036.0,84.1226391708,2
523070.0,78,1,1,2808.0,561291,2850.0,105.036773009,4
523232.0,78,2,2,2970.0,561293,2890.0,65.0921613843,4
523280.0,78,3,3,3018.0,561295,3019.0,72.968973219,3
523130.0,78,4,4,2868.0,561297,2902.0,95.3653776963,3
523155.0,78,5,5,2893.0,561299,2918.0,76.3952843681,3
522982.0,78,6,6,2720.0,561301,2773.0,68.69375211,2
525842.0,78,9,6,2860.0,561307,2896.0,94.2523348866,2
523298.0,78,7,7,3036.0,561303,2984.0,70.3927889549,2
528018.0,20,0,0,2176.0,535575,2062.0,69.0678346951,5
528316.0,20,1,1,2474.0,535577,2335.0,68.0880814982,4
528240.0,20,2,2,2398.0,535579,2409.0,49.2160649852,4
528260.0,20,3,3,2418.0,535581,2353.0,40.8004127946,3
528041.0,20,4,4,2199.0,535583,2181.0,52.2484953196,3
527677.0,20,5,5,1835.0,535585,2010.0,57.5681746874,3
530307.0,20,9,5,2630.0,535593,2406.0,66.7654969198,2
527644.0,20,6,6,1802.0,535587,1856.0,48.8303992891,2
529736.0,20,8,6,2092.0,535591,2300.0,365.384022927,2
527936.0,20,7,7,2094.0,535589,2076.0,65.2129305873,2
528358.0,25,0,0,340.0,538067,347.0,21.6889494055,5
529060.0,25,8,0,702.0,538083,738.0,50.4394112825,2
528916.0,25,1,1,600.0,538069,598.0,35.9742598037,4
529613.0,25,9,1,697.0,538085,733.0,34.2456681855,2
528933.0,25,2,2,693.0,538071,712.0,37.0292913928,4
544813.0,6,1,2,15880.0,569694,15184.0,395.054729719,4
528987.0,25,3,3,727.0,538073,742.0,35.6315575682,3
544797.0,6,2,3,15810.0,569696,15644.0,389.113685864,4
528777.0,25,4,4,736.0,538075,771.0,32.0162787541,3
544223.0,6,3,4,15446.0,569698,15316.0,331.994594122,3
530992.0,25,5,5,685.0,538077,672.0,27.4921519902,3
545301.0,6,0,5,14309.0,569692,14554.0,298.134833502,5
530465.0,25,6,6,729.0,538079,795.0,39.0145384508,2
528687.0,25,7,7,751.0,538081,776.0,36.5021989244,2
534996.0,6,4,7,6309.0,569700,6239.0,232.704754209,3
531120.0,37,0,0,813.0,553540,832.0,51.0612635133,5
531060.0,37,1,1,753.0,553542,717.0,54.9826766977,4
531891.0,37,8,1,831.0,553556,787.0,40.4507172534,2
545577.0,37,2,2,764.0,553544,750.0,37.4936836786,4
545588.0,37,3,3,791.0,553546,772.0,34.9292518039,3
545048.0,37,4,4,825.0,553548,800.0,33.784767667,3
546007.0,37,5,5,706.0,553550,760.0,29.3999641962,3
531240.0,37,6,6,775.0,553552,721.0,40.7692802307,2
531942.0,37,9,6,702.0,553558,761.0,36.0153110715,2
535773.0,37,7,7,777.0,553554,792.0,31.7362071159,2
550235.0,62,0,0,4934.0,582016,5138.0,160.824160269,5
549414.0,62,1,1,4113.0,582018,4048.0,154.755630796,4
548984.0,62,2,2,3407.0,582020,3616.0,179.281930284,4
549329.0,62,3,3,3741.0,582022,3950.0,192.501066299,3
547839.0,62,4,4,2538.0,582024,2637.0,111.461109574,3
550916.0,62,8,4,3077.0,582032,3141.0,145.80999713,2
548899.0,62,5,5,2892.0,582026,2956.0,124.473744854,3
553502.0,62,9,5,4603.0,582034,4409.0,217.944772097,2
548301.0,62,6,6,3000.0,582028,3101.0,119.898147565,2
548967.0,62,7,7,3666.0,582030,3485.0,166.305331117,2
558415.0,62,0,0,8180.0,553895,8312.0,238.352900681,5
557658.0,62,1,1,8244.0,553897,8251.0,323.381964149,4
556636.0,62,2,2,7652.0,553899,7861.0,281.236835949,4
556758.0,62,3,3,7429.0,553901,7230.0,227.119699486,3
556690.0,62,4,4,5774.0,553903,5602.0,233.788360207,3
563964.0,62,8,4,7274.0,553911,7305.0,231.59044499,2
559801.0,62,5,5,6299.0,553905,6508.0,137.611160808,3
554289.0,62,6,6,5988.0,553907,6173.0,213.298524435,2
560396.0,62,9,6,6107.0,553913,6220.0,259.252346079,2
555945.0,62,7,7,6978.0,553909,6915.0,241.762274494,2
572781.0,22,0,0,8817.0,606694,8894.0,744.346028757,5
572955.0,22,1,1,8991.0,606696,8931.0,255.575799859,4
572638.0,22,2,2,8674.0,606698,9062.0,334.36829285,4
572069.0,22,3,3,8105.0,606700,9255.0,1335.1568053,3
573139.0,22,4,4,9175.0,606702,9135.0,360.680537318,3
573071.0,22,5,5,9107.0,606704,9202.0,196.981992231,3
572706.0,22,6,6,8742.0,606706,8762.0,294.640525851,2
582292.0,22,8,6,9586.0,606710,9232.0,317.067728943,2
573250.0,22,7,7,9286.0,606708,8815.0,366.093729011,2
582266.0,22,9,7,9016.0,606712,9082.0,278.068805382,2
573527.0,28,0,0,746.0,575191,736.0,24.9502663207,5
574767.0,28,9,0,1240.0,575209,1222.0,36.2475407514,2
575524.0,28,2,0,757.0,615559,722.0,23.6017394542,4
573690.0,28,1,1,735.0,575193,740.0,28.5370949726,4
574483.0,47,0,1,793.0,579514,842.0,27.2106790182,5
575262.0,47,4,1,779.0,579522,830.0,40.1313632436,3
573368.0,28,2,2,730.0,575195,722.0,23.6017394542,4
574629.0,28,8,2,1261.0,575207,1301.0,40.4298938385,2
575480.0,28,3,2,851.0,615561,851.0,22.8390247741,3
572897.0,28,3,3,828.0,575197,851.0,22.8390247741,3
573730.0,47,1,3,833.0,579516,837.0,38.68669702,4
574460.0,28,1,3,730.0,615557,740.0,28.5370949726,4
574440.0,28,4,4,1301.0,575199,1355.0,41.9418143322,3
575211.0,47,2,4,771.0,579518,824.0,39.598112661,4
576478.0,28,4,4,1267.0,615563,1355.0,41.9418143322,3
574688.0,28,5,5,1617.0,575201,1604.0,43.0046203148,3
575398.0,28,0,5,710.0,615555,736.0,24.9502663207,5
576980.0,28,6,5,1582.0,615567,1603.0,43.738306708,2
583809.0,28,6,6,1517.0,575203,1603.0,43.738306708,2
584463.0,47,5,6,654.0,579524,712.0,41.1875044925,3
586076.0,28,5,6,1613.0,615565,1604.0,43.0046203148,3
583770.0,28,7,7,1504.0,575205,1539.0,42.4217856147,2
584578.0,47,3,7,808.0,579520,819.0,30.732975604,3
586117.0,28,7,7,1539.0,615569,1539.0,42.4217856147,2
