l
0 0
1 2000
2 4000
3 6000
4 8000
5 10000
6 12000
7 14000
8 16000
9 18000
10 20000
11 22000
12 24000
13 26000
14 28000
15 30000
16 32000
17 34000
18 36000
19 38000
20 40000
21 42000
22 44000
23 46000
24 48000
25 50000
26 52000
27 54000
28 56000
29 58000
30 60000
31 62000
32 64000
33 66000
34 68000
35 70000
36 72000
37 74000
38 76000
39 78000
40 80000
41 82000
42 84000
43 86000
44 88000
45 90000
46 92000
47 94000
48 96000
49 98000
50 100000
51 102000
52 104000
53 106000
54 108000
55 110000
56 112000
57 114000
58 116000
59 118000
60 120000
61 122000
62 124000
63 126000
64 128000
65 130000
66 132000
67 134000
68 136000
69 138000
70 140000
71 142000
72 144000
73 146000
74 148000
75 150000
76 152000
77 154000
78 156000
79 158000
80 160000
81 162000
82 164000
83 166000
84 168000
85 170000
86 172000
87 174000
88 176000
89 178000
90 180000
91 182000
92 184000
93 186000
94 188000
95 190000
96 192000
97 194000
98 196000
99 198000
100 200000
101 202000
102 204000
103 206000
104 208000
105 210000
106 212000
107 214000
108 216000
109 218000
110 220000
111 222000
112 224000
113 226000
114 228000
115 230000
116 232000
117 234000
118 236000
119 238000
120 240000
121 242000
122 244000
123 246000
124 248000
125 250000
126 252000
127 254000
128 256000
129 258000
130 260000
131 262000
132 264000
133 266000
134 268000
135 270000
136 272000
137 274000
138 276000
139 278000
140 280000
141 282000
142 284000
143 286000
144 288000
145 290000
146 292000
147 294000
148 296000
149 298000
150 300000
151 302000
152 304000
153 306000
154 308000
155 310000
156 312000
157 314000
158 316000
159 318000
160 320000
161 322000
162 324000
163 326000
164 328000
165 330000
166 332000
167 334000
168 336000
169 338000
170 340000
171 342000
172 344000
173 346000
174 348000
175 350000
176 352000
177 354000
178 356000
179 358000
180 360000
