l
1 0
2 2000
3 4000
4 6000
5 8000
6 10000
7 12000
8 14000
9 15000
10 17000
11 19000
12 21000
13 23000
14 25000
15 27000
16 29000
17 30000
18 32000
19 34000
20 36000
21 38000
22 40000
23 42000
24 44000
25 45000
26 47000
27 49000
28 51000
29 53000
30 55000
31 57000
32 59000
33 60000
34 62000
35 64000
36 66000
37 68000
38 70000
39 72000
40 74000
41 75000
42 77000
43 79000
44 81000
45 83000
46 84000
47 86000
48 88000
49 90000
50 92000
51 94000
52 96000
53 98000
54 100000
55 102000
56 104000
57 105000
58 107000
59 108000
60 110000
61 112000
62 114000
63 116000
64 118000
65 120000
66 122000
67 124000
68 126000
69 128000
70 130000
71 132000
72 134000
73 135000
74 137000
75 139000
76 141000
77 143000
