l
1 0
2 2000
3 3000
4 6000
5 8000
6 9000
7 16000
8 17000
9 20000
10 29000
11 32000
12 34000
13 35000
14 36000
15 39000
16 44000
17 45000
18 47000
19 48000
20 51000
21 53000
22 60000
23 63000
24 66000
25 69000
26 72000
27 82000
28 83000
29 90000
30 92000
31 93000
32 95000
33 97000
34 98000
35 101000
36 102000
37 104000
38 106000
39 110000
40 115000
41 117000
42 119000
43 121000
44 124000
45 132000
46 135000
47 137000
48 145000
49 148000
50 152000
51 154000
52 157000
53 159000
54 162000
55 163000
56 173000
57 176000
58 179000
59 186000
60 195000
61 205000
62 211000
63 212000
64 215000
65 218000
66 221000
67 230000
68 232000
69 234000
70 236000
71 238000
72 244000
73 248000
74 250000
75 252000
76 256000
77 257000
78 260000
79 261000
80 264000
81 266000
82 267000
83 269000
84 270000
85 273000
86 275000
87 280000
88 282000
89 283000
90 284000
91 291000
92 298000
93 306000
94 311000
95 312000
96 320000
97 321000
98 323000
99 326000
100 330000
101 340000
102 350000
103 360000
104 370000
105 380000
106 390000
107 400000
108 410000
109 420000
110 430000
