unmerge_SortUrgency_test3200r_180000_10000_3000_s777.txt , 3294 , 3294 , 1948 , 1948 , 279662
unmerge_SortUrgency_test3000r_180000_10000_3000_s9999.txt , 3148 , 3148 , 1750 , 1750 , 282971
unmerge_SortUrgency_test2400r_180000_10000_3000_s1.txt , 2388 , 2388 , 394 , 394 , 223568
unmerge_SortUrgency_test2600r_180000_10000_3000_s1920.txt , 2576 , 2576 , 6 , 6 , 233489
unmerge_SortUrgency_test2400r_180000_10000_3000_s1911.txt , 2478 , 2478 , 717 , 717 , 233913
unmerge_SortUrgency_test2600r_180000_10000_3000_s9999.txt , 2647 , 2647 , 578 , 578 , 228693
unmerge_SortUrgency_test2600r_180000_10000_3000_s16384.txt , 2674 , 2674 , 2 , 2 , 204171
unmerge_SortUrgency_test2800r_180000_10000_3000_s521.txt , 2733 , 2733 , 862 , 862 , 228243
unmerge_SortUrgency_test2600r_180000_10000_3000_s81.txt , 2736 , 2736 , 797 , 797 , 235341
unmerge_SortUrgency_test3200r_180000_10000_3000_s1080.txt , 3388 , 3388 , 1566 , 1566 , 286586
unmerge_SortUrgency_test3000r_180000_10000_3000_s9199.txt , 3078 , 3078 , 1504 , 1504 , 269948
unmerge_SortUrgency_test2200r_180000_10000_3000_s1920.txt , 2261 , 2261 , 5 , 5 , 204370
unmerge_SortUrgency_test2200r_180000_10000_3000_s699.txt , 2129 , 2129 , 3 , 3 , 174139
unmerge_SortUrgency_test3000r_180000_10000_3000_s7.txt , 2961 , 2961 , 1470 , 1470 , 277621
unmerge_SortUrgency_test3000r_180000_10000_3000_s212223.txt , 3101 , 3101 , 1203 , 1203 , 268768
unmerge_SortUrgency_test2400r_180000_10000_3000_s251.txt , 2619 , 2619 , 455 , 455 , 217408
unmerge_SortUrgency_test3000r_180000_10000_3000_s16384.txt , 3314 , 3314 , 1919 , 1919 , 297736
unmerge_SortUrgency_test3000r_180000_10000_3000_s81.txt , 3301 , 3301 , 1846 , 1846 , 280564
unmerge_SortUrgency_test2600r_180000_10000_3000_s12345.txt , 2482 , 2482 , 734 , 734 , 240860
unmerge_SortUrgency_test2200r_180000_10000_3000_s50.txt , 2253 , 2253 , 1 , 1 , 200801
unmerge_SortUrgency_test2000r_180000_10000_3000_s1920.txt , 2100 , 2100 , 7 , 7 , 195496
unmerge_SortUrgency_test2200r_180000_10000_3000_s768.txt , 2365 , 2365 , 664 , 664 , 220090
unmerge_SortUrgency_test2200r_180000_10000_3000_s7.txt , 2292 , 2292 , 1 , 1 , 191513
unmerge_SortUrgency_test3200r_180000_10000_3000_s6.txt , 3344 , 3344 , 2043 , 2043 , 304022
unmerge_SortUrgency_test2800r_180000_10000_3000_s68.txt , 2768 , 2768 , 332 , 332 , 234412
unmerge_SortUrgency_test2000r_180000_10000_3000_s768.txt , 1865 , 1865 , 1 , 1 , 161872
unmerge_SortUrgency_test2800r_180000_10000_3000_s16384.txt , 2829 , 2829 , 953 , 953 , 251645
unmerge_SortUrgency_test2200r_180000_10000_3000_s555.txt , 2357 , 2357 , 3 , 3 , 200119
unmerge_SortUrgency_test3000r_180000_10000_3000_s1990.txt , 3080 , 3080 , 1534 , 1534 , 284900
unmerge_SortUrgency_test2000r_180000_10000_3000_s4192.txt , 1838 , 1838 , 4 , 4 , 155158
unmerge_SortUrgency_test3200r_180000_10000_3000_s678.txt , 3074 , 3074 , 1864 , 1864 , 301551
unmerge_SortUrgency_test2400r_180000_10000_3000_s12345.txt , 2472 , 2472 , 4 , 4 , 223548
unmerge_SortUrgency_test2400r_180000_10000_3000_s687.txt , 2417 , 2417 , 73 , 73 , 229137
unmerge_SortUrgency_test3000r_180000_10000_3000_s50.txt , 3089 , 3089 , 1758 , 1758 , 278606
unmerge_SortUrgency_test2600r_180000_10000_3000_s251.txt , 2644 , 2644 , 3 , 3 , 208353
unmerge_SortUrgency_test3200r_180000_10000_3000_s1911.txt , 3247 , 3247 , 2208 , 2208 , 264854
unmerge_SortUrgency_test3200r_180000_10000_3000_s687.txt , 3293 , 3293 , 1453 , 1453 , 300055
unmerge_SortUrgency_test2000r_180000_10000_3000_s333.txt , 1983 , 1983 , 0 , 0 , 175911
unmerge_SortUrgency_test2600r_180000_10000_3000_s699.txt , 2476 , 2476 , 462 , 462 , 240364
unmerge_SortUrgency_test3200r_180000_10000_3000_s251.txt , 3587 , 3587 , 2542 , 2542 , 301136
unmerge_SortUrgency_test2200r_180000_10000_3000_s678.txt , 2158 , 2158 , 4 , 4 , 185001
unmerge_SortUrgency_test2200r_180000_10000_3000_s212223.txt , 2228 , 2228 , 2 , 2 , 196600
unmerge_SortUrgency_test2600r_180000_10000_3000_s1080.txt , 2587 , 2587 , 1 , 1 , 213411
unmerge_SortUrgency_test2600r_180000_10000_3000_s777.txt , 2550 , 2550 , 583 , 583 , 223597
unmerge_SortUrgency_test2600r_180000_10000_3000_s678.txt , 2631 , 2631 , 772 , 772 , 230811
unmerge_SortUrgency_test3000r_180000_10000_3000_s768.txt , 2898 , 2898 , 1512 , 1512 , 274249
unmerge_SortUrgency_test2800r_180000_10000_3000_s4192.txt , 3031 , 3031 , 381 , 381 , 252756
unmerge_SortUrgency_test2800r_180000_10000_3000_s212223.txt , 2781 , 2781 , 955 , 955 , 257963
unmerge_SortUrgency_test2600r_180000_10000_3000_s50.txt , 2863 , 2863 , 1269 , 1269 , 272129
unmerge_SortUrgency_test3000r_180000_10000_3000_s6.txt , 2971 , 2971 , 1208 , 1208 , 260465
unmerge_SortUrgency_test2800r_180000_10000_3000_s1911.txt , 2562 , 2562 , 883 , 883 , 202590
unmerge_SortUrgency_test2200r_180000_10000_3000_s68.txt , 2020 , 2020 , 1 , 1 , 168464
unmerge_SortUrgency_test2400r_180000_10000_3000_s212223.txt , 2382 , 2382 , 2 , 2 , 219740
unmerge_SortUrgency_test2200r_180000_10000_3000_s251.txt , 2369 , 2369 , 2 , 2 , 188932
unmerge_SortUrgency_test2000r_180000_10000_3000_s12345.txt , 1956 , 1956 , 2 , 2 , 176442
unmerge_SortUrgency_test2400r_180000_10000_3000_s678.txt , 2160 , 2160 , 1 , 1 , 190256
unmerge_SortUrgency_test2600r_180000_10000_3000_s555.txt , 2825 , 2825 , 544 , 544 , 247990
unmerge_SortUrgency_test2200r_180000_10000_3000_s81.txt , 2239 , 2239 , 6 , 6 , 191924
unmerge_SortUrgency_test2600r_180000_10000_3000_s4192.txt , 2555 , 2555 , 289 , 289 , 242437
unmerge_SortUrgency_test2400r_180000_10000_3000_s1048575.txt , 2359 , 2359 , 2 , 2 , 199500
unmerge_SortUrgency_test2400r_180000_10000_3000_s699.txt , 2262 , 2262 , 5 , 5 , 184525
unmerge_SortUrgency_test2400r_180000_10000_3000_s521.txt , 2456 , 2456 , 156 , 156 , 224900
unmerge_SortUrgency_test2800r_180000_10000_3000_s167.txt , 2824 , 2824 , 603 , 603 , 261033
unmerge_SortUrgency_test3200r_180000_10000_3000_s50.txt , 3315 , 3315 , 2141 , 2141 , 280901
unmerge_SortUrgency_test2200r_180000_10000_3000_s12345.txt , 2231 , 2231 , 3 , 3 , 191535
unmerge_SortUrgency_test2800r_180000_10000_3000_s687.txt , 2927 , 2927 , 466 , 466 , 248822
unmerge_SortUrgency_test2600r_180000_10000_3000_s9199.txt , 2524 , 2524 , 825 , 825 , 235738
unmerge_SortUrgency_test3000r_180000_10000_3000_s1920.txt , 3117 , 3117 , 916 , 916 , 267332
unmerge_SortUrgency_test3000r_180000_10000_3000_s1.txt , 2593 , 2593 , 549 , 549 , 216545
unmerge_SortUrgency_test3000r_180000_10000_3000_s68.txt , 3149 , 3149 , 1321 , 1321 , 273849
unmerge_SortUrgency_test3200r_180000_10000_3000_s68.txt , 3493 , 3493 , 1983 , 1983 , 297368
unmerge_SortUrgency_test3200r_180000_10000_3000_s104857.txt , 3157 , 3157 , 1358 , 1358 , 272460
unmerge_SortUrgency_test3000r_180000_10000_3000_s800.txt , 2979 , 2979 , 907 , 907 , 255233
unmerge_SortUrgency_test2800r_180000_10000_3000_s1080.txt , 3062 , 3062 , 920 , 920 , 271795
unmerge_SortUrgency_test2400r_180000_10000_3000_s1920.txt , 2558 , 2558 , 4 , 4 , 238419
unmerge_SortUrgency_test2400r_180000_10000_3000_s6.txt , 2205 , 2205 , 2 , 2 , 194121
unmerge_SortUrgency_test2600r_180000_10000_3000_s6.txt , 2609 , 2609 , 452 , 452 , 225555
unmerge_SortUrgency_test2200r_180000_10000_3000_s167.txt , 2196 , 2196 , 1 , 1 , 202231
unmerge_SortUrgency_test3200r_180000_10000_3000_s81.txt , 3154 , 3154 , 1937 , 1937 , 274317
unmerge_SortUrgency_test2600r_180000_10000_3000_s333.txt , 2474 , 2474 , 858 , 858 , 226874
unmerge_SortUrgency_test2000r_180000_10000_3000_s68.txt , 1912 , 1912 , 1 , 1 , 161567
unmerge_SortUrgency_test3200r_180000_10000_3000_s555.txt , 3025 , 3025 , 1197 , 1197 , 274982
unmerge_SortUrgency_test2000r_180000_10000_3000_s7.txt , 1900 , 1900 , 4 , 4 , 179434
unmerge_SortUrgency_test2200r_180000_10000_3000_s262144.txt , 2181 , 2181 , 483 , 483 , 211345
unmerge_SortUrgency_test2800r_180000_10000_3000_s12345.txt , 2879 , 2879 , 1146 , 1146 , 266912
unmerge_SortUrgency_test2400r_180000_10000_3000_s16384.txt , 2405 , 2405 , 574 , 574 , 246245
unmerge_SortUrgency_test3200r_180000_10000_3000_s1990.txt , 3384 , 3384 , 2038 , 2038 , 299257
unmerge_SortUrgency_test2000r_180000_10000_3000_s699.txt , 2117 , 2117 , 2 , 2 , 201758
unmerge_SortUrgency_test2200r_180000_10000_3000_s333.txt , 2296 , 2296 , 0 , 0 , 188745
unmerge_SortUrgency_test2400r_180000_10000_3000_s50.txt , 2535 , 2535 , 428 , 428 , 248723
unmerge_SortUrgency_test2800r_180000_10000_3000_s1920.txt , 2726 , 2726 , 82 , 82 , 247489
unmerge_SortUrgency_test2000r_180000_10000_3000_s9999.txt , 2111 , 2111 , 4 , 4 , 181657
unmerge_SortUrgency_test2200r_180000_10000_3000_s521.txt , 2247 , 2247 , 5 , 5 , 206934
unmerge_SortUrgency_test2400r_180000_10000_3000_s800.txt , 2459 , 2459 , 6 , 6 , 206546
unmerge_SortUrgency_test3000r_180000_10000_3000_s1080.txt , 3237 , 3237 , 1957 , 1957 , 320970
unmerge_SortUrgency_test2000r_180000_10000_3000_s50.txt , 2080 , 2080 , 6 , 6 , 174437
unmerge_SortUrgency_test2800r_180000_10000_3000_s9999.txt , 2811 , 2811 , 1225 , 1225 , 250151
unmerge_SortUrgency_test2400r_180000_10000_3000_s7.txt , 2581 , 2581 , 481 , 481 , 215844
unmerge_SortUrgency_test2800r_180000_10000_3000_s678.txt , 2675 , 2675 , 1126 , 1126 , 241209
unmerge_SortUrgency_test3200r_180000_10000_3000_s333.txt , 3411 , 3411 , 1729 , 1729 , 275305
unmerge_SortUrgency_test3200r_180000_10000_3000_s768.txt , 3272 , 3272 , 1867 , 1867 , 296663
unmerge_SortUrgency_test3200r_180000_10000_3000_s12345.txt , 3313 , 3313 , 1484 , 1484 , 280859
unmerge_SortUrgency_test3200r_180000_10000_3000_s9999.txt , 3267 , 3267 , 1786 , 1786 , 284238
unmerge_SortUrgency_test2400r_180000_10000_3000_s1080.txt , 2566 , 2566 , 1 , 1 , 247660
unmerge_SortUrgency_test3000r_180000_10000_3000_s1048575.txt , 2873 , 2873 , 1093 , 1093 , 256833
unmerge_SortUrgency_test2000r_180000_10000_3000_s521.txt , 1827 , 1827 , 2 , 2 , 155635
unmerge_SortUrgency_test2800r_180000_10000_3000_s1.txt , 2769 , 2769 , 844 , 844 , 249265
unmerge_SortUrgency_test3200r_180000_10000_3000_s4192.txt , 3098 , 3098 , 1465 , 1465 , 260178
unmerge_SortUrgency_test2000r_180000_10000_3000_s1080.txt , 1760 , 1760 , 4 , 4 , 162174
unmerge_SortUrgency_test2800r_180000_10000_3000_s104857.txt , 2990 , 2990 , 1094 , 1094 , 260314
unmerge_SortUrgency_test2400r_180000_10000_3000_s4192.txt , 2328 , 2328 , 2 , 2 , 234444
unmerge_SortUrgency_test3200r_180000_10000_3000_s7.txt , 3215 , 3215 , 2147 , 2147 , 296768
unmerge_SortUrgency_test3200r_180000_10000_3000_s167.txt , 3244 , 3244 , 1222 , 1222 , 278114
unmerge_SortUrgency_test3000r_180000_10000_3000_s678.txt , 2964 , 2964 , 1432 , 1432 , 267770
unmerge_SortUrgency_test2000r_180000_10000_3000_s251.txt , 2148 , 2148 , 1 , 1 , 184249
unmerge_SortUrgency_test2000r_180000_10000_3000_s800.txt , 1818 , 1818 , 6 , 6 , 166566
unmerge_SortUrgency_test2000r_180000_10000_3000_s6.txt , 2136 , 2136 , 5 , 5 , 184998
unmerge_SortUrgency_test2400r_180000_10000_3000_s9999.txt , 2504 , 2504 , 598 , 598 , 229375
unmerge_SortUrgency_test2800r_180000_10000_3000_s699.txt , 2812 , 2812 , 513 , 513 , 244294
unmerge_SortUrgency_test2600r_180000_10000_3000_s1.txt , 2531 , 2531 , 148 , 148 , 223686
unmerge_SortUrgency_test2800r_180000_10000_3000_s251.txt , 2662 , 2662 , 1446 , 1446 , 233122
unmerge_SortUrgency_test2400r_180000_10000_3000_s104857.txt , 2368 , 2368 , 2 , 2 , 204124
unmerge_SortUrgency_test2000r_180000_10000_3000_s687.txt , 2183 , 2183 , 2 , 2 , 206293
unmerge_SortUrgency_test3000r_180000_10000_3000_s333.txt , 3064 , 3064 , 1547 , 1547 , 260972
unmerge_SortUrgency_test3200r_180000_10000_3000_s521.txt , 3215 , 3215 , 1700 , 1700 , 293335
unmerge_SortUrgency_test3200r_180000_10000_3000_s800.txt , 3287 , 3287 , 1957 , 1957 , 272621
unmerge_SortUrgency_test2000r_180000_10000_3000_s212223.txt , 2098 , 2098 , 1 , 1 , 216576
unmerge_SortUrgency_test3000r_180000_10000_3000_s12345.txt , 2978 , 2978 , 731 , 731 , 252653
unmerge_SortUrgency_test2400r_180000_10000_3000_s262144.txt , 2344 , 2344 , 148 , 148 , 204079
unmerge_SortUrgency_test3200r_180000_10000_3000_s1.txt , 3283 , 3283 , 1824 , 1824 , 291267
unmerge_SortUrgency_test2600r_180000_10000_3000_s104857.txt , 2632 , 2632 , 132 , 132 , 235130
unmerge_SortUrgency_test2200r_180000_10000_3000_s16384.txt , 2053 , 2053 , 2 , 2 , 164449
unmerge_SortUrgency_test3000r_180000_10000_3000_s555.txt , 2972 , 2972 , 673 , 673 , 253223
unmerge_SortUrgency_test3000r_180000_10000_3000_s4192.txt , 2768 , 2768 , 677 , 677 , 235289
unmerge_SortUrgency_test2200r_180000_10000_3000_s687.txt , 2039 , 2039 , 2 , 2 , 168638
unmerge_SortUrgency_test2800r_180000_10000_3000_s50.txt , 2966 , 2966 , 1020 , 1020 , 245256
unmerge_SortUrgency_test2200r_180000_10000_3000_s9199.txt , 2054 , 2054 , 4 , 4 , 188419
unmerge_SortUrgency_test3200r_180000_10000_3000_s212223.txt , 2983 , 2983 , 1277 , 1277 , 239103
unmerge_SortUrgency_test2200r_180000_10000_3000_s4192.txt , 2049 , 2049 , 2 , 2 , 180766
unmerge_SortUrgency_test2000r_180000_10000_3000_s262144.txt , 2026 , 2026 , 5 , 5 , 166952
unmerge_SortUrgency_test2800r_180000_10000_3000_s333.txt , 2751 , 2751 , 1200 , 1200 , 242903
unmerge_SortUrgency_test2800r_180000_10000_3000_s9199.txt , 2611 , 2611 , 385 , 385 , 222504
unmerge_SortUrgency_test2200r_180000_10000_3000_s1.txt , 2300 , 2300 , 6 , 6 , 195831
unmerge_SortUrgency_test2000r_180000_10000_3000_s16384.txt , 2169 , 2169 , 10 , 10 , 202396
unmerge_SortUrgency_test2600r_180000_10000_3000_s1911.txt , 2660 , 2660 , 661 , 661 , 237410
unmerge_SortUrgency_test2400r_180000_10000_3000_s81.txt , 2312 , 2312 , 549 , 549 , 221601
unmerge_SortUrgency_test3000r_180000_10000_3000_s104857.txt , 2803 , 2803 , 923 , 923 , 247907
unmerge_SortUrgency_test2000r_180000_10000_3000_s678.txt , 2013 , 2013 , 1 , 1 , 167851
unmerge_SortUrgency_test2800r_180000_10000_3000_s800.txt , 3036 , 3036 , 821 , 821 , 263478
unmerge_SortUrgency_test2800r_180000_10000_3000_s1048575.txt , 2780 , 2780 , 1088 , 1088 , 251646
unmerge_SortUrgency_test3000r_180000_10000_3000_s1911.txt , 3130 , 3130 , 1959 , 1959 , 284875
unmerge_SortUrgency_test2600r_180000_10000_3000_s687.txt , 2728 , 2728 , 497 , 497 , 262918
unmerge_SortUrgency_test2200r_180000_10000_3000_s104857.txt , 2307 , 2307 , 1 , 1 , 199369
unmerge_SortUrgency_test2000r_180000_10000_3000_s555.txt , 2073 , 2073 , 3 , 3 , 186959
unmerge_SortUrgency_test2000r_180000_10000_3000_s104857.txt , 2059 , 2059 , 3 , 3 , 190390
unmerge_SortUrgency_test2400r_180000_10000_3000_s9199.txt , 2502 , 2502 , 832 , 832 , 227322
unmerge_SortUrgency_test3000r_180000_10000_3000_s521.txt , 3005 , 3005 , 813 , 813 , 239693
unmerge_SortUrgency_test3000r_180000_10000_3000_s167.txt , 2792 , 2792 , 945 , 945 , 258975
unmerge_SortUrgency_test2000r_180000_10000_3000_s1048575.txt , 2064 , 2064 , 4 , 4 , 194244
unmerge_SortUrgency_test2000r_180000_10000_3000_s1.txt , 1758 , 1758 , 3 , 3 , 157285
unmerge_SortUrgency_test2200r_180000_10000_3000_s1911.txt , 2174 , 2174 , 5 , 5 , 188125
unmerge_SortUrgency_test2800r_180000_10000_3000_s777.txt , 2927 , 2927 , 865 , 865 , 259569
unmerge_SortUrgency_test2800r_180000_10000_3000_s1990.txt , 2543 , 2543 , 481 , 481 , 230162
unmerge_SortUrgency_test3200r_180000_10000_3000_s262144.txt , 3553 , 3553 , 2158 , 2158 , 315711
unmerge_SortUrgency_test2600r_180000_10000_3000_s68.txt , 2687 , 2687 , 1170 , 1170 , 263107
unmerge_SortUrgency_test3000r_180000_10000_3000_s777.txt , 2897 , 2897 , 1437 , 1437 , 284479
unmerge_SortUrgency_test2800r_180000_10000_3000_s81.txt , 2564 , 2564 , 1144 , 1144 , 242978
unmerge_SortUrgency_test2200r_180000_10000_3000_s9999.txt , 2211 , 2211 , 8 , 8 , 202829
unmerge_SortUrgency_test2800r_180000_10000_3000_s262144.txt , 2585 , 2585 , 953 , 953 , 230641
unmerge_SortUrgency_test2000r_180000_10000_3000_s777.txt , 1914 , 1914 , 2 , 2 , 180611
unmerge_SortUrgency_test3200r_180000_10000_3000_s9199.txt , 3318 , 3318 , 2073 , 2073 , 295659
unmerge_SortUrgency_test3000r_180000_10000_3000_s262144.txt , 3050 , 3050 , 1258 , 1258 , 257100
unmerge_SortUrgency_test2200r_180000_10000_3000_s800.txt , 2118 , 2118 , 4 , 4 , 172817
unmerge_SortUrgency_test2600r_180000_10000_3000_s768.txt , 2560 , 2560 , 1125 , 1125 , 241395
unmerge_SortUrgency_test2800r_180000_10000_3000_s6.txt , 2869 , 2869 , 946 , 946 , 242374
unmerge_SortUrgency_test2000r_180000_10000_3000_s167.txt , 1824 , 1824 , 3 , 3 , 183365
unmerge_SortUrgency_test2200r_180000_10000_3000_s777.txt , 2314 , 2314 , 2 , 2 , 203539
unmerge_SortUrgency_test2000r_180000_10000_3000_s1911.txt , 1852 , 1852 , 3 , 3 , 149847
unmerge_SortUrgency_test2600r_180000_10000_3000_s7.txt , 2505 , 2505 , 1032 , 1032 , 241513
unmerge_SortUrgency_test2400r_180000_10000_3000_s68.txt , 2443 , 2443 , 0 , 0 , 229531
unmerge_SortUrgency_test2800r_180000_10000_3000_s555.txt , 2985 , 2985 , 814 , 814 , 260939
unmerge_SortUrgency_test3200r_180000_10000_3000_s699.txt , 3175 , 3175 , 1645 , 1645 , 289409
unmerge_SortUrgency_test2000r_180000_10000_3000_s81.txt , 1964 , 1964 , 2 , 2 , 157278
unmerge_SortUrgency_test2000r_180000_10000_3000_s1990.txt , 1682 , 1682 , 2 , 2 , 160234
unmerge_SortUrgency_test3200r_180000_10000_3000_s1920.txt , 3112 , 3112 , 1237 , 1237 , 269267
unmerge_SortUrgency_test2400r_180000_10000_3000_s777.txt , 2306 , 2306 , 296 , 296 , 223935
unmerge_SortUrgency_test3200r_180000_10000_3000_s1048575.txt , 3268 , 3268 , 1619 , 1619 , 295177
unmerge_SortUrgency_test3000r_180000_10000_3000_s251.txt , 2975 , 2975 , 1915 , 1915 , 245249
unmerge_SortUrgency_test2400r_180000_10000_3000_s555.txt , 2340 , 2340 , 2 , 2 , 212238
unmerge_SortUrgency_test3000r_180000_10000_3000_s687.txt , 2834 , 2834 , 1042 , 1042 , 255535
unmerge_SortUrgency_test2600r_180000_10000_3000_s800.txt , 2641 , 2641 , 0 , 0 , 228517
unmerge_SortUrgency_test3200r_180000_10000_3000_s16384.txt , 3081 , 3081 , 1747 , 1747 , 254807
unmerge_SortUrgency_test2200r_180000_10000_3000_s6.txt , 2344 , 2344 , 6 , 6 , 213495
unmerge_SortUrgency_test2200r_180000_10000_3000_s1990.txt , 2046 , 2046 , 7 , 7 , 190577
unmerge_SortUrgency_test2600r_180000_10000_3000_s1048575.txt , 2732 , 2732 , 918 , 918 , 244919
unmerge_SortUrgency_test2600r_180000_10000_3000_s167.txt , 2629 , 2629 , 209 , 209 , 231576
unmerge_SortUrgency_test2800r_180000_10000_3000_s7.txt , 2729 , 2729 , 1568 , 1568 , 257574
unmerge_SortUrgency_test2400r_180000_10000_3000_s333.txt , 2432 , 2432 , 0 , 0 , 210295
unmerge_SortUrgency_test2600r_180000_10000_3000_s212223.txt , 2580 , 2580 , 812 , 812 , 248533
unmerge_SortUrgency_test2200r_180000_10000_3000_s1080.txt , 1966 , 1966 , 1 , 1 , 189783
unmerge_SortUrgency_test2400r_180000_10000_3000_s768.txt , 2424 , 2424 , 1 , 1 , 210134
unmerge_SortUrgency_test2600r_180000_10000_3000_s262144.txt , 2502 , 2502 , 637 , 637 , 220891
unmerge_SortUrgency_test2000r_180000_10000_3000_s9199.txt , 2114 , 2114 , 2 , 2 , 179363
unmerge_SortUrgency_test2600r_180000_10000_3000_s1990.txt , 2483 , 2483 , 644 , 644 , 235459
unmerge_SortUrgency_test2400r_180000_10000_3000_s1990.txt , 2645 , 2645 , 19 , 19 , 232186
unmerge_SortUrgency_test2800r_180000_10000_3000_s768.txt , 3090 , 3090 , 1708 , 1708 , 282483
unmerge_SortUrgency_test2600r_180000_10000_3000_s521.txt , 2412 , 2412 , 6 , 6 , 199656
unmerge_SortUrgency_test2200r_180000_10000_3000_s1048575.txt , 2193 , 2193 , 3 , 3 , 186711
unmerge_SortUrgency_test3000r_180000_10000_3000_s699.txt , 3156 , 3156 , 1728 , 1728 , 279481
unmerge_SortUrgency_test2400r_180000_10000_3000_s167.txt , 2569 , 2569 , 3 , 3 , 233506
