32 , 32 , 0 , 0 , 1024
64 , 64 , 0 , 0 , 2376
96 , 96 , 0 , 0 , 3461
128 , 128 , 0 , 0 , 4450
160 , 160 , 0 , 0 , 5424
192 , 192 , 0 , 0 , 6441
224 , 224 , 0 , 0 , 7403
256 , 256 , 0 , 0 , 8434
288 , 288 , 0 , 0 , 9535
320 , 320 , 0 , 0 , 10708
352 , 352 , 2 , 2 , 11838
384 , 384 , 2 , 2 , 12863
416 , 416 , 5 , 5 , 13881
448 , 448 , 5 , 5 , 15280
480 , 480 , 5 , 5 , 16357
512 , 512 , 5 , 5 , 17446
544 , 544 , 8 , 8 , 18683
576 , 576 , 8 , 8 , 20000
608 , 608 , 16 , 16 , 21291
640 , 640 , 27 , 27 , 23868
672 , 672 , 32 , 32 , 24966
704 , 704 , 33 , 33 , 25886
736 , 736 , 39 , 39 , 27182
768 , 768 , 49 , 49 , 28107
800 , 800 , 54 , 54 , 29669
832 , 832 , 54 , 54 , 31266
864 , 864 , 54 , 54 , 32813
896 , 896 , 63 , 63 , 34223
928 , 928 , 81 , 81 , 35168
960 , 960 , 90 , 90 , 36566
992 , 992 , 101 , 101 , 38015
1024 , 1024 , 115 , 115 , 39146
1056 , 1056 , 127 , 127 , 40278
1088 , 1088 , 127 , 127 , 41436
1120 , 1120 , 137 , 137 , 42097
1152 , 1152 , 137 , 137 , 42551
1184 , 1184 , 137 , 137 , 43023
1216 , 1216 , 137 , 137 , 43492
1248 , 1248 , 137 , 137 , 43962
1280 , 1280 , 137 , 137 , 44426
1312 , 1312 , 137 , 137 , 44890
1344 , 1344 , 137 , 137 , 45345
1376 , 1376 , 140 , 140 , 45883
1408 , 1408 , 158 , 158 , 47063
1440 , 1440 , 168 , 168 , 48275
1472 , 1472 , 179 , 179 , 49513
1504 , 1504 , 201 , 201 , 50668
1536 , 1536 , 210 , 210 , 52019
1568 , 1568 , 210 , 210 , 53433
1600 , 1600 , 210 , 210 , 54888
1632 , 1632 , 216 , 216 , 56239
1664 , 1664 , 244 , 244 , 57486
1696 , 1696 , 244 , 244 , 59073
1728 , 1728 , 244 , 244 , 60687
1760 , 1760 , 249 , 249 , 62106
1792 , 1792 , 261 , 261 , 62581
1824 , 1824 , 271 , 271 , 63241
1856 , 1856 , 294 , 294 , 64381
1888 , 1888 , 316 , 316 , 65281
1920 , 1920 , 316 , 316 , 66260
1952 , 1952 , 316 , 316 , 67214
1984 , 1984 , 316 , 316 , 68220
2016 , 2016 , 316 , 316 , 69266
2048 , 2048 , 316 , 316 , 70222
2080 , 2080 , 316 , 316 , 71195
2112 , 2112 , 316 , 316 , 72136
2144 , 2144 , 324 , 324 , 73166
2176 , 2176 , 356 , 356 , 74081
2208 , 2208 , 378 , 378 , 75080
2240 , 2240 , 378 , 378 , 76178
2272 , 2272 , 406 , 406 , 77567
2304 , 2304 , 427 , 427 , 79254
2336 , 2336 , 427 , 427 , 80988
2368 , 2368 , 444 , 444 , 82382
2400 , 2400 , 465 , 465 , 83997
2432 , 2432 , 492 , 492 , 89646
2464 , 2464 , 519 , 519 , 90779
2496 , 2496 , 551 , 551 , 91845
2528 , 2528 , 581 , 581 , 92870
2560 , 2560 , 598 , 598 , 93609
2592 , 2592 , 598 , 598 , 94348
2624 , 2624 , 598 , 598 , 95088
2656 , 2656 , 611 , 611 , 95974
2688 , 2688 , 642 , 642 , 97166
2720 , 2720 , 660 , 660 , 98543
2752 , 2752 , 660 , 660 , 99928
2784 , 2784 , 663 , 663 , 101237
2816 , 2816 , 695 , 695 , 102049
2848 , 2848 , 727 , 727 , 102780
2880 , 2880 , 759 , 759 , 103889
2912 , 2912 , 777 , 777 , 104507
2944 , 2944 , 785 , 785 , 105236
2976 , 2976 , 817 , 817 , 106401
3008 , 3008 , 849 , 849 , 107631
3040 , 3040 , 855 , 855 , 108855
3072 , 3072 , 855 , 855 , 110091
3104 , 3104 , 859 , 859 , 111283
3136 , 3136 , 891 , 891 , 112322
3168 , 3168 , 923 , 923 , 113400
3200 , 3200 , 955 , 955 , 114635
3232 , 3232 , 965 , 965 , 115960
3264 , 3264 , 981 , 981 , 117339
3296 , 3296 , 1013 , 1013 , 117796
3328 , 3328 , 1015 , 1015 , 118207
3360 , 3360 , 1015 , 1015 , 118621
3392 , 3392 , 1019 , 1019 , 119118
3424 , 3424 , 1051 , 1051 , 120711
3456 , 3456 , 1066 , 1066 , 122452
3488 , 3488 , 1088 , 1088 , 124099
3520 , 3520 , 1107 , 1107 , 125782
3552 , 3552 , 1109 , 1109 , 127442
3584 , 3584 , 1141 , 1141 , 128560
3616 , 3616 , 1162 , 1162 , 129654
3648 , 3648 , 1194 , 1194 , 130402
3680 , 3680 , 1226 , 1226 , 131337
3712 , 3712 , 1258 , 1258 , 132157
3744 , 3744 , 1290 , 1290 , 133312
3776 , 3776 , 1310 , 1310 , 134574
3808 , 3808 , 1310 , 1310 , 135853
3840 , 3840 , 1319 , 1319 , 137088
3872 , 3872 , 1350 , 1350 , 138399
3904 , 3904 , 1350 , 1350 , 139735
3936 , 3936 , 1350 , 1350 , 141064
3968 , 3968 , 1379 , 1379 , 142285
4000 , 4000 , 1411 , 1411 , 143491
4032 , 4032 , 1443 , 1443 , 144623
4064 , 4064 , 1475 , 1475 , 146125
4096 , 4096 , 1507 , 1507 , 147440
4128 , 4128 , 1539 , 1539 , 150320
4160 , 4160 , 1571 , 1571 , 153377
4192 , 4192 , 1603 , 1603 , 154862
4224 , 4224 , 1635 , 1635 , 156383
4256 , 4256 , 1667 , 1667 , 157676
4288 , 4288 , 1699 , 1699 , 158929
4320 , 4320 , 1731 , 1731 , 160279
4352 , 4352 , 1763 , 1763 , 161096
4384 , 4384 , 1794 , 1794 , 161939
4416 , 4416 , 1826 , 1826 , 162743
4448 , 4448 , 1858 , 1858 , 168164
4480 , 4480 , 1890 , 1890 , 169610
4512 , 4512 , 1922 , 1922 , 170679
4544 , 4544 , 1954 , 1954 , 171339
4576 , 4576 , 1974 , 1974 , 172167
4608 , 4608 , 2006 , 2006 , 173136
4640 , 4640 , 2038 , 2038 , 173660
4672 , 4672 , 2051 , 2051 , 174180
4704 , 4704 , 2051 , 2051 , 174704
4736 , 4736 , 2051 , 2051 , 175236
4768 , 4768 , 2064 , 2064 , 176155
4800 , 4800 , 2096 , 2096 , 177256
4832 , 4832 , 2128 , 2128 , 179048
4864 , 4864 , 2160 , 2160 , 180315
4896 , 4896 , 2183 , 2183 , 181482
4928 , 4928 , 2212 , 2212 , 182924
4960 , 4960 , 2244 , 2244 , 183258
4992 , 4992 , 2268 , 2268 , 183258
5024 , 5024 , 2298 , 2298 , 185005
5056 , 5056 , 2324 , 2324 , 186903
5088 , 5088 , 2324 , 2324 , 188742
5120 , 5120 , 2342 , 2342 , 189772
5152 , 5152 , 2374 , 2374 , 192743
5184 , 5184 , 2406 , 2406 , 194874
5216 , 5216 , 2438 , 2438 , 196694
5248 , 5248 , 2456 , 2456 , 198472
5280 , 5280 , 2471 , 2471 , 200156
5312 , 5312 , 2503 , 2503 , 201761
5344 , 5344 , 2535 , 2535 , 202651
5376 , 5376 , 2567 , 2567 , 203175
5408 , 5408 , 2579 , 2579 , 203713
5440 , 5440 , 2585 , 2585 , 204225
5472 , 5472 , 2617 , 2617 , 205496
5504 , 5504 , 2649 , 2649 , 207069
5536 , 5536 , 2681 , 2681 , 208747
5568 , 5568 , 2713 , 2713 , 210471
5600 , 5600 , 2718 , 2718 , 212247
5632 , 5632 , 2723 , 2723 , 213840
5664 , 5664 , 2755 , 2755 , 214475
5696 , 5696 , 2787 , 2787 , 214894
5728 , 5728 , 2806 , 2806 , 215315
5760 , 5760 , 2806 , 2806 , 215740
5792 , 5792 , 2806 , 2806 , 216151
5824 , 5824 , 2806 , 2806 , 216579
5856 , 5856 , 2833 , 2833 , 217606
5888 , 5888 , 2865 , 2865 , 218754
5920 , 5920 , 2894 , 2894 , 220020
5952 , 5952 , 2926 , 2926 , 220909
5984 , 5984 , 2958 , 2958 , 221324
6016 , 6016 , 2983 , 2983 , 221754
6048 , 6048 , 2983 , 2983 , 222172
6080 , 6080 , 3000 , 3000 , 222822
6112 , 6112 , 3032 , 3032 , 224427
6144 , 6144 , 3064 , 3064 , 226149
6176 , 6176 , 3083 , 3083 , 227916
6208 , 6208 , 3096 , 3096 , 229309
6240 , 6240 , 3128 , 3128 , 230688
6272 , 6272 , 3160 , 3160 , 231952
6304 , 6304 , 3192 , 3192 , 233175
6336 , 6336 , 3224 , 3224 , 234220
6368 , 6368 , 3256 , 3256 , 235679
6400 , 6400 , 3288 , 3288 , 236746
6432 , 6432 , 3320 , 3320 , 237824
6464 , 6464 , 3352 , 3352 , 239514
6496 , 6496 , 3384 , 3384 , 241128
6528 , 6528 , 3416 , 3416 , 242104
6560 , 6560 , 3448 , 3448 , 242889
6592 , 6592 , 3480 , 3480 , 243501
6624 , 6624 , 3512 , 3512 , 244080
6656 , 6656 , 3528 , 3528 , 244664
6688 , 6688 , 3544 , 3544 , 245890
6720 , 6720 , 3576 , 3576 , 247944
6752 , 6752 , 3608 , 3608 , 249990
6784 , 6784 , 3609 , 3609 , 251921
6816 , 6816 , 3641 , 3641 , 253885
6848 , 6848 , 3673 , 3673 , 255144
6880 , 6880 , 3705 , 3705 , 256442
6912 , 6912 , 3737 , 3737 , 257442
6944 , 6944 , 3769 , 3769 , 258705
6976 , 6976 , 3801 , 3801 , 259942
7008 , 7008 , 3832 , 3832 , 261078
7040 , 7040 , 3859 , 3859 , 262111
7072 , 7072 , 3891 , 3891 , 263179
7104 , 7104 , 3915 , 3915 , 264141
7136 , 7136 , 3915 , 3915 , 265136
7168 , 7168 , 3915 , 3915 , 266142
7200 , 7200 , 3920 , 3920 , 267110
7232 , 7232 , 3952 , 3952 , 268744
7264 , 7264 , 3984 , 3984 , 269979
7296 , 7296 , 4016 , 4016 , 270522
7328 , 7328 , 4048 , 4048 , 270983
7360 , 7360 , 4080 , 4080 , 271433
7392 , 7392 , 4084 , 4084 , 271894
7424 , 7424 , 4107 , 4107 , 272959
7456 , 7456 , 4139 , 4139 , 274045
7488 , 7488 , 4171 , 4171 , 275059
7520 , 7520 , 4203 , 4203 , 276023
7552 , 7552 , 4235 , 4235 , 277454
7584 , 7584 , 4267 , 4267 , 278953
7616 , 7616 , 4299 , 4299 , 280654
7648 , 7648 , 4331 , 4331 , 282501
7680 , 7680 , 4363 , 4363 , 284305
7712 , 7712 , 4395 , 4395 , 285493
7744 , 7744 , 4427 , 4427 , 287044
7776 , 7776 , 4459 , 4459 , 290965
7808 , 7808 , 4491 , 4491 , 292484
7840 , 7840 , 4523 , 4523 , 293757
7872 , 7872 , 4555 , 4555 , 295197
7904 , 7904 , 4587 , 4587 , 296838
7936 , 7936 , 4619 , 4619 , 298195
7968 , 7968 , 4651 , 4651 , 299467
8000 , 8000 , 4683 , 4683 , 300348
8032 , 8032 , 4715 , 4715 , 301954
8064 , 8064 , 4747 , 4747 , 303194
8096 , 8096 , 4779 , 4779 , 304421
8128 , 8128 , 4811 , 4811 , 305623
8160 , 8160 , 4843 , 4843 , 306798
8192 , 8192 , 4875 , 4875 , 307825
8224 , 8224 , 4907 , 4907 , 309275
8256 , 8256 , 4939 , 4939 , 310638
8288 , 8288 , 4971 , 4971 , 311801
8320 , 8320 , 5003 , 5003 , 312784
8352 , 8352 , 5035 , 5035 , 314386
8384 , 8384 , 5067 , 5067 , 316132
8416 , 8416 , 5099 , 5099 , 317935
8448 , 8448 , 5125 , 5125 , 319352
8480 , 8480 , 5157 , 5157 , 320865
8512 , 8512 , 5189 , 5189 , 322230
8544 , 8544 , 5221 , 5221 , 322871
8576 , 8576 , 5253 , 5253 , 323334
8608 , 8608 , 5285 , 5285 , 323796
8640 , 8640 , 5297 , 5297 , 324247
8672 , 8672 , 5297 , 5297 , 324714
8704 , 8704 , 5299 , 5299 , 325217
8736 , 8736 , 5331 , 5331 , 326549
8768 , 8768 , 5363 , 5363 , 327317
8800 , 8800 , 5395 , 5395 , 327977
8832 , 8832 , 5427 , 5427 , 328956
8864 , 8864 , 5459 , 5459 , 329521
8896 , 8896 , 5491 , 5491 , 330093
8928 , 8928 , 5523 , 5523 , 330647
8960 , 8960 , 5548 , 5548 , 331551
8992 , 8992 , 5580 , 5580 , 332093
9024 , 9024 , 5612 , 5612 , 332622
9056 , 9056 , 5644 , 5644 , 333158
9088 , 9088 , 5646 , 5646 , 333701
9120 , 9120 , 5653 , 5653 , 334245
9152 , 9152 , 5685 , 5685 , 334850
9184 , 9184 , 5717 , 5717 , 335402
9216 , 9216 , 5749 , 5749 , 336371
9248 , 9248 , 5781 , 5781 , 339128
9280 , 9280 , 5813 , 5813 , 340065
9312 , 9312 , 5845 , 5845 , 340528
9344 , 9344 , 5877 , 5877 , 341583
9376 , 9376 , 5909 , 5909 , 342767
9408 , 9408 , 5941 , 5941 , 343858
9440 , 9440 , 5973 , 5973 , 344594
9472 , 9472 , 6005 , 6005 , 345684
9504 , 9504 , 6037 , 6037 , 346691
9536 , 9536 , 6069 , 6069 , 348263
9568 , 9568 , 6101 , 6101 , 349854
9600 , 9600 , 6133 , 6133 , 351119
9632 , 9632 , 6165 , 6165 , 352622
9664 , 9664 , 6197 , 6197 , 353528
9696 , 9696 , 6229 , 6229 , 354886
9728 , 9728 , 6261 , 6261 , 355902
9760 , 9760 , 6293 , 6293 , 357127
9792 , 9792 , 6325 , 6325 , 361031
9824 , 9824 , 6357 , 6357 , 363362
9856 , 9856 , 6389 , 6389 , 364439
9888 , 9888 , 6421 , 6421 , 365750
9920 , 9920 , 6453 , 6453 , 367105
9952 , 9952 , 6485 , 6485 , 368303
9984 , 9984 , 6517 , 6517 , 368761
10016 , 10016 , 6549 , 6549 , 369177
10048 , 10048 , 6581 , 6581 , 369594
10080 , 10080 , 6602 , 6602 , 370011
10112 , 10112 , 6602 , 6602 , 370426
10144 , 10144 , 6602 , 6602 , 370845
10176 , 10176 , 6602 , 6602 , 371265
10208 , 10208 , 6602 , 6602 , 371681
10240 , 10240 , 6613 , 6613 , 372467
10272 , 10272 , 6645 , 6645 , 373510
10304 , 10304 , 6677 , 6677 , 374355
10336 , 10336 , 6709 , 6709 , 375496
10368 , 10368 , 6741 , 6741 , 376573
10400 , 10400 , 6773 , 6773 , 377672
10432 , 10432 , 6805 , 6805 , 379114
10464 , 10464 , 6837 , 6837 , 380544
10496 , 10496 , 6869 , 6869 , 381840
10528 , 10528 , 6901 , 6901 , 382712
10560 , 10560 , 6933 , 6933 , 383430
10592 , 10592 , 6965 , 6965 , 384165
10624 , 10624 , 6997 , 6997 , 384905
10656 , 10656 , 7025 , 7025 , 386037
10688 , 10688 , 7057 , 7057 , 387123
10720 , 10720 , 7089 , 7089 , 388118
10752 , 10752 , 7121 , 7121 , 389159
10784 , 10784 , 7153 , 7153 , 390181
10816 , 10816 , 7169 , 7169 , 391216
10848 , 10848 , 7181 , 7181 , 392349
10880 , 10880 , 7213 , 7213 , 393527
10912 , 10912 , 7245 , 7245 , 394187
10944 , 10944 , 7277 , 7277 , 394929
10976 , 10976 , 7309 , 7309 , 396112
11008 , 11008 , 7341 , 7341 , 397472
11040 , 11040 , 7373 , 7373 , 398611
11072 , 11072 , 7405 , 7405 , 399711
11104 , 11104 , 7437 , 7437 , 400638
11136 , 11136 , 7469 , 7469 , 401555
11168 , 11168 , 7501 , 7501 , 402556
11200 , 11200 , 7533 , 7533 , 403311
11232 , 11232 , 7565 , 7565 , 404455
11264 , 11264 , 7597 , 7597 , 406148
11296 , 11296 , 7629 , 7629 , 407863
11328 , 11328 , 7661 , 7661 , 409250
11360 , 11360 , 7693 , 7693 , 410324
11392 , 11392 , 7725 , 7725 , 412174
11424 , 11424 , 7757 , 7757 , 413974
11456 , 11456 , 7789 , 7789 , 415671
11488 , 11488 , 7821 , 7821 , 416792
11520 , 11520 , 7853 , 7853 , 417784
11552 , 11552 , 7885 , 7885 , 418996
11584 , 11584 , 7917 , 7917 , 420161
11616 , 11616 , 7949 , 7949 , 421218
11648 , 11648 , 7981 , 7981 , 422180
11680 , 11680 , 8013 , 8013 , 422628
11712 , 11712 , 8045 , 8045 , 423079
11744 , 11744 , 8077 , 8077 , 423524
11776 , 11776 , 8107 , 8107 , 423986
11808 , 11808 , 8107 , 8107 , 424435
11840 , 11840 , 8122 , 8122 , 426106
11872 , 11872 , 8154 , 8154 , 427584
11904 , 11904 , 8186 , 8186 , 429181
11936 , 11936 , 8218 , 8218 , 429928
11968 , 11968 , 8250 , 8250 , 430508
12000 , 12000 , 8282 , 8282 , 431593
12032 , 12032 , 8314 , 8314 , 432604
12064 , 12064 , 8346 , 8346 , 433621
12096 , 12096 , 8378 , 8378 , 434652
12128 , 12128 , 8410 , 8410 , 435656
12160 , 12160 , 8430 , 8430 , 436731
12192 , 12192 , 8453 , 8453 , 438151
12224 , 12224 , 8485 , 8485 , 439574
12256 , 12256 , 8517 , 8517 , 440559
12288 , 12288 , 8549 , 8549 , 442407
12320 , 12320 , 8581 , 8581 , 444204
12352 , 12352 , 8613 , 8613 , 445879
12384 , 12384 , 8645 , 8645 , 447362
12416 , 12416 , 8677 , 8677 , 448548
12448 , 12448 , 8709 , 8709 , 449905
12480 , 12480 , 8741 , 8741 , 451228
12512 , 12512 , 8773 , 8773 , 453035
12544 , 12544 , 8805 , 8805 , 454680
12576 , 12576 , 8837 , 8837 , 455327
12608 , 12608 , 8869 , 8869 , 456228
12640 , 12640 , 8901 , 8901 , 457565
12672 , 12672 , 8933 , 8933 , 458585
12704 , 12704 , 8965 , 8965 , 459997
12736 , 12736 , 8997 , 8997 , 461707
12768 , 12768 , 9029 , 9029 , 463296
12800 , 12800 , 9061 , 9061 , 464850
12832 , 12832 , 9093 , 9093 , 466485
12864 , 12864 , 9125 , 9125 , 468175
12896 , 12896 , 9157 , 9157 , 469544
12928 , 12928 , 9189 , 9189 , 471152
12960 , 12960 , 9221 , 9221 , 472792
12992 , 12992 , 9253 , 9253 , 474234
13024 , 13024 , 9285 , 9285 , 475667
13056 , 13056 , 9317 , 9317 , 476176
13088 , 13088 , 9349 , 9349 , 476641
13120 , 13120 , 9381 , 9381 , 477103
13152 , 13152 , 9413 , 9413 , 477575
13184 , 13184 , 9436 , 9436 , 478034
13216 , 13216 , 9436 , 9436 , 478508
13248 , 13248 , 9436 , 9436 , 478984
13280 , 13280 , 9436 , 9436 , 479443
13312 , 13312 , 9447 , 9447 , 480249
13344 , 13344 , 9479 , 9479 , 481817
13376 , 13376 , 9511 , 9511 , 483388
13408 , 13408 , 9543 , 9543 , 484958
13440 , 13440 , 9575 , 9575 , 486600
13472 , 13472 , 9607 , 9607 , 488176
13504 , 13504 , 9639 , 9639 , 489657
13536 , 13536 , 9671 , 9671 , 490567
13568 , 13568 , 9703 , 9703 , 491101
13600 , 13600 , 9735 , 9735 , 491631
13632 , 13632 , 9767 , 9767 , 492344
