32 , 32 , 0 , 0 , 1102
64 , 64 , 0 , 0 , 2054
96 , 96 , 0 , 0 , 3073
128 , 128 , 0 , 0 , 4060
160 , 160 , 0 , 0 , 5090
192 , 192 , 0 , 0 , 6141
224 , 224 , 0 , 0 , 7143
256 , 256 , 0 , 0 , 8467
288 , 288 , 0 , 0 , 9260
320 , 320 , 0 , 0 , 10268
352 , 352 , 0 , 0 , 11332
384 , 384 , 0 , 0 , 12474
416 , 416 , 3 , 3 , 13700
448 , 448 , 10 , 10 , 14893
480 , 480 , 12 , 12 , 16428
512 , 512 , 21 , 21 , 17602
544 , 544 , 25 , 25 , 18771
576 , 576 , 25 , 25 , 19946
608 , 608 , 32 , 32 , 21090
640 , 640 , 32 , 32 , 22151
672 , 672 , 36 , 36 , 22883
704 , 704 , 42 , 42 , 24265
736 , 736 , 64 , 64 , 25795
768 , 768 , 64 , 64 , 27265
800 , 800 , 72 , 72 , 28510
832 , 832 , 80 , 80 , 29684
864 , 864 , 89 , 89 , 30518
896 , 896 , 89 , 89 , 31616
928 , 928 , 103 , 103 , 32783
960 , 960 , 103 , 103 , 33852
992 , 992 , 103 , 103 , 34926
1024 , 1024 , 109 , 109 , 36219
1056 , 1056 , 109 , 109 , 37580
1088 , 1088 , 109 , 109 , 38939
1120 , 1120 , 116 , 116 , 40460
1152 , 1152 , 116 , 116 , 42211
1184 , 1184 , 124 , 124 , 43035
1216 , 1216 , 124 , 124 , 43504
1248 , 1248 , 124 , 124 , 43966
1280 , 1280 , 124 , 124 , 44428
1312 , 1312 , 124 , 124 , 44901
1344 , 1344 , 124 , 124 , 45375
1376 , 1376 , 124 , 124 , 45835
1408 , 1408 , 124 , 124 , 46280
1440 , 1440 , 126 , 126 , 46784
1472 , 1472 , 156 , 156 , 47656
1504 , 1504 , 172 , 172 , 48345
1536 , 1536 , 193 , 193 , 49819
1568 , 1568 , 202 , 202 , 51280
1600 , 1600 , 207 , 207 , 53032
1632 , 1632 , 207 , 207 , 54792
1664 , 1664 , 207 , 207 , 56484
1696 , 1696 , 226 , 226 , 57771
1728 , 1728 , 243 , 243 , 58679
1760 , 1760 , 248 , 248 , 60258
1792 , 1792 , 248 , 248 , 61895
1824 , 1824 , 248 , 248 , 63455
1856 , 1856 , 265 , 265 , 64969
1888 , 1888 , 290 , 290 , 67802
1920 , 1920 , 312 , 312 , 68999
1952 , 1952 , 343 , 343 , 70164
1984 , 1984 , 351 , 351 , 71057
2016 , 2016 , 376 , 376 , 72249
2048 , 2048 , 398 , 398 , 73532
2080 , 2080 , 409 , 409 , 74519
2112 , 2112 , 423 , 423 , 75687
2144 , 2144 , 437 , 437 , 77193
2176 , 2176 , 460 , 460 , 78263
2208 , 2208 , 460 , 460 , 79230
2240 , 2240 , 460 , 460 , 80211
2272 , 2272 , 460 , 460 , 81193
2304 , 2304 , 460 , 460 , 82209
2336 , 2336 , 462 , 462 , 83188
2368 , 2368 , 484 , 484 , 84564
2400 , 2400 , 484 , 484 , 86019
2432 , 2432 , 484 , 484 , 87414
2464 , 2464 , 506 , 506 , 88626
2496 , 2496 , 535 , 535 , 90172
2528 , 2528 , 553 , 553 , 91558
2560 , 2560 , 570 , 570 , 93208
2592 , 2592 , 570 , 570 , 94846
2624 , 2624 , 583 , 583 , 96374
2656 , 2656 , 615 , 615 , 97437
2688 , 2688 , 633 , 633 , 98010
2720 , 2720 , 642 , 642 , 98781
2752 , 2752 , 665 , 665 , 99722
2784 , 2784 , 665 , 665 , 100719
2816 , 2816 , 665 , 665 , 101687
2848 , 2848 , 665 , 665 , 102696
2880 , 2880 , 665 , 665 , 103647
2912 , 2912 , 679 , 679 , 104907
2944 , 2944 , 705 , 705 , 106137
2976 , 2976 , 710 , 710 , 107419
3008 , 3008 , 737 , 737 , 109028
3040 , 3040 , 769 , 769 , 109850
3072 , 3072 , 801 , 801 , 110972
3104 , 3104 , 832 , 832 , 112159
3136 , 3136 , 857 , 857 , 113889
3168 , 3168 , 857 , 857 , 115662
3200 , 3200 , 857 , 857 , 117405
3232 , 3232 , 887 , 887 , 119051
3264 , 3264 , 893 , 893 , 120735
3296 , 3296 , 908 , 908 , 122395
3328 , 3328 , 931 , 931 , 124050
3360 , 3360 , 931 , 931 , 125664
3392 , 3392 , 952 , 952 , 126545
3424 , 3424 , 969 , 969 , 127103
3456 , 3456 , 969 , 969 , 127640
3488 , 3488 , 969 , 969 , 128188
3520 , 3520 , 969 , 969 , 128743
3552 , 3552 , 994 , 994 , 129864
3584 , 3584 , 1026 , 1026 , 130883
3616 , 3616 , 1058 , 1058 , 131454
3648 , 3648 , 1069 , 1069 , 132015
3680 , 3680 , 1069 , 1069 , 132573
3712 , 3712 , 1086 , 1086 , 133692
3744 , 3744 , 1110 , 1110 , 135407
3776 , 3776 , 1110 , 1110 , 137040
3808 , 3808 , 1133 , 1133 , 138686
3840 , 3840 , 1165 , 1165 , 140347
3872 , 3872 , 1173 , 1173 , 142065
3904 , 3904 , 1195 , 1195 , 143464
3936 , 3936 , 1224 , 1224 , 144673
3968 , 3968 , 1224 , 1224 , 145871
4000 , 4000 , 1244 , 1244 , 146876
4032 , 4032 , 1276 , 1276 , 147962
4064 , 4064 , 1308 , 1308 , 148726
4096 , 4096 , 1328 , 1328 , 149185
4128 , 4128 , 1355 , 1355 , 149874
4160 , 4160 , 1386 , 1386 , 150778
4192 , 4192 , 1418 , 1418 , 152105
4224 , 4224 , 1428 , 1428 , 153481
4256 , 4256 , 1460 , 1460 , 154529
4288 , 4288 , 1492 , 1492 , 155471
4320 , 4320 , 1524 , 1524 , 156613
4352 , 4352 , 1556 , 1556 , 159514
4384 , 4384 , 1588 , 1588 , 160728
4416 , 4416 , 1606 , 1606 , 162015
4448 , 4448 , 1635 , 1635 , 163102
4480 , 4480 , 1654 , 1654 , 164171
4512 , 4512 , 1686 , 1686 , 165215
4544 , 4544 , 1706 , 1706 , 166238
4576 , 4576 , 1706 , 1706 , 167277
4608 , 4608 , 1706 , 1706 , 168360
4640 , 4640 , 1710 , 1710 , 169389
4672 , 4672 , 1742 , 1742 , 170849
4704 , 4704 , 1774 , 1774 , 172427
4736 , 4736 , 1806 , 1806 , 174136
4768 , 4768 , 1838 , 1838 , 175276
4800 , 4800 , 1870 , 1870 , 176235
4832 , 4832 , 1902 , 1902 , 177017
4864 , 4864 , 1934 , 1934 , 178007
4896 , 4896 , 1966 , 1966 , 179870
4928 , 4928 , 1986 , 1986 , 181739
4960 , 4960 , 1986 , 1986 , 183536
4992 , 4992 , 2009 , 2009 , 184885
5024 , 5024 , 2041 , 2041 , 186102
5056 , 5056 , 2073 , 2073 , 187349
5088 , 5088 , 2105 , 2105 , 187959
5120 , 5120 , 2132 , 2132 , 188565
5152 , 5152 , 2163 , 2163 , 189596
5184 , 5184 , 2195 , 2195 , 190609
5216 , 5216 , 2226 , 2226 , 191641
5248 , 5248 , 2258 , 2258 , 192711
5280 , 5280 , 2284 , 2284 , 193802
5312 , 5312 , 2316 , 2316 , 194637
5344 , 5344 , 2348 , 2348 , 195054
5376 , 5376 , 2356 , 2356 , 195468
5408 , 5408 , 2356 , 2356 , 195882
5440 , 5440 , 2380 , 2380 , 196545
5472 , 5472 , 2412 , 2412 , 197019
5504 , 5504 , 2426 , 2426 , 197485
5536 , 5536 , 2426 , 2426 , 197947
5568 , 5568 , 2426 , 2426 , 198400
5600 , 5600 , 2426 , 2426 , 198871
5632 , 5632 , 2451 , 2451 , 199628
5664 , 5664 , 2483 , 2483 , 200417
5696 , 5696 , 2515 , 2515 , 203150
5728 , 5728 , 2547 , 2547 , 206711
5760 , 5760 , 2579 , 2579 , 207916
5792 , 5792 , 2611 , 2611 , 208860
5824 , 5824 , 2643 , 2643 , 209818
5856 , 5856 , 2649 , 2649 , 210781
5888 , 5888 , 2649 , 2649 , 211742
5920 , 5920 , 2649 , 2649 , 212729
5952 , 5952 , 2649 , 2649 , 213685
5984 , 5984 , 2649 , 2649 , 214667
6016 , 6016 , 2649 , 2649 , 215587
6048 , 6048 , 2657 , 2657 , 216502
6080 , 6080 , 2689 , 2689 , 217690
6112 , 6112 , 2721 , 2721 , 218361
6144 , 6144 , 2753 , 2753 , 219114
6176 , 6176 , 2785 , 2785 , 220228
6208 , 6208 , 2817 , 2817 , 221387
6240 , 6240 , 2849 , 2849 , 222795
6272 , 6272 , 2881 , 2881 , 224565
6304 , 6304 , 2901 , 2901 , 226363
6336 , 6336 , 2919 , 2919 , 228064
6368 , 6368 , 2951 , 2951 , 229714
6400 , 6400 , 2975 , 2975 , 231380
6432 , 6432 , 3007 , 3007 , 232704
6464 , 6464 , 3039 , 3039 , 234150
6496 , 6496 , 3071 , 3071 , 235387
6528 , 6528 , 3103 , 3103 , 236428
6560 , 6560 , 3135 , 3135 , 237506
6592 , 6592 , 3167 , 3167 , 237934
6624 , 6624 , 3199 , 3199 , 238352
6656 , 6656 , 3202 , 3202 , 238768
6688 , 6688 , 3212 , 3212 , 239353
6720 , 6720 , 3244 , 3244 , 240463
6752 , 6752 , 3276 , 3276 , 241570
6784 , 6784 , 3308 , 3308 , 243315
6816 , 6816 , 3340 , 3340 , 244653
6848 , 6848 , 3372 , 3372 , 246301
6880 , 6880 , 3404 , 3404 , 247987
6912 , 6912 , 3433 , 3433 , 249417
6944 , 6944 , 3465 , 3465 , 250689
6976 , 6976 , 3497 , 3497 , 252219
7008 , 7008 , 3529 , 3529 , 253392
7040 , 7040 , 3561 , 3561 , 254598
7072 , 7072 , 3581 , 3581 , 255826
7104 , 7104 , 3613 , 3613 , 257164
7136 , 7136 , 3645 , 3645 , 258363
7168 , 7168 , 3677 , 3677 , 259950
7200 , 7200 , 3709 , 3709 , 261559
7232 , 7232 , 3741 , 3741 , 262145
7264 , 7264 , 3773 , 3773 , 262677
7296 , 7296 , 3792 , 3792 , 263186
7328 , 7328 , 3792 , 3792 , 263710
7360 , 7360 , 3793 , 3793 , 264296
7392 , 7392 , 3825 , 3825 , 266312
7424 , 7424 , 3857 , 3857 , 268365
7456 , 7456 , 3876 , 3876 , 270383
7488 , 7488 , 3897 , 3897 , 272018
7520 , 7520 , 3929 , 3929 , 276840
7552 , 7552 , 3961 , 3961 , 279972
7584 , 7584 , 3993 , 3993 , 282178
7616 , 7616 , 4025 , 4025 , 283517
7648 , 7648 , 4057 , 4057 , 284620
7680 , 7680 , 4089 , 4089 , 285692
7712 , 7712 , 4121 , 4121 , 286837
7744 , 7744 , 4153 , 4153 , 288287
7776 , 7776 , 4185 , 4185 , 290097
7808 , 7808 , 4217 , 4217 , 291370
7840 , 7840 , 4249 , 4249 , 292558
7872 , 7872 , 4281 , 4281 , 293407
7904 , 7904 , 4313 , 4313 , 294484
7936 , 7936 , 4345 , 4345 , 295708
7968 , 7968 , 4377 , 4377 , 297025
8000 , 8000 , 4409 , 4409 , 298346
8032 , 8032 , 4441 , 4441 , 299696
8064 , 8064 , 4461 , 4461 , 300941
8096 , 8096 , 4493 , 4493 , 302124
8128 , 8128 , 4525 , 4525 , 302969
8160 , 8160 , 4557 , 4557 , 303616
8192 , 8192 , 4589 , 4589 , 304483
8224 , 8224 , 4621 , 4621 , 305473
8256 , 8256 , 4653 , 4653 , 306207
8288 , 8288 , 4685 , 4685 , 306736
8320 , 8320 , 4717 , 4717 , 307261
8352 , 8352 , 4734 , 4734 , 307859
8384 , 8384 , 4766 , 4766 , 308803
8416 , 8416 , 4798 , 4798 , 310167
8448 , 8448 , 4830 , 4830 , 311358
8480 , 8480 , 4862 , 4862 , 312780
8512 , 8512 , 4894 , 4894 , 314454
8544 , 8544 , 4926 , 4926 , 316115
8576 , 8576 , 4958 , 4958 , 317363
8608 , 8608 , 4990 , 4990 , 318732
8640 , 8640 , 5022 , 5022 , 320049
8672 , 8672 , 5054 , 5054 , 321177
8704 , 8704 , 5086 , 5086 , 322221
8736 , 8736 , 5118 , 5118 , 323279
8768 , 8768 , 5150 , 5150 , 324565
8800 , 8800 , 5182 , 5182 , 325904
8832 , 8832 , 5214 , 5214 , 327632
8864 , 8864 , 5246 , 5246 , 329131
8896 , 8896 , 5278 , 5278 , 330503
8928 , 8928 , 5310 , 5310 , 331780
8960 , 8960 , 5342 , 5342 , 333070
8992 , 8992 , 5374 , 5374 , 333660
9024 , 9024 , 5406 , 5406 , 334120
9056 , 9056 , 5438 , 5438 , 334818
9088 , 9088 , 5470 , 5470 , 335560
9120 , 9120 , 5502 , 5502 , 336285
9152 , 9152 , 5516 , 5516 , 337041
9184 , 9184 , 5548 , 5548 , 338724
9216 , 9216 , 5580 , 5580 , 339659
9248 , 9248 , 5612 , 5612 , 342581
9280 , 9280 , 5644 , 5644 , 347246
9312 , 9312 , 5676 , 5676 , 348924
9344 , 9344 , 5708 , 5708 , 349850
9376 , 9376 , 5740 , 5740 , 350297
9408 , 9408 , 5772 , 5772 , 350747
9440 , 9440 , 5803 , 5803 , 351197
9472 , 9472 , 5803 , 5803 , 351654
9504 , 9504 , 5803 , 5803 , 352104
9536 , 9536 , 5829 , 5829 , 353069
9568 , 9568 , 5861 , 5861 , 353598
9600 , 9600 , 5893 , 5893 , 354132
9632 , 9632 , 5925 , 5925 , 354647
9664 , 9664 , 5957 , 5957 , 355420
9696 , 9696 , 5989 , 5989 , 355834
9728 , 9728 , 6021 , 6021 , 356251
9760 , 9760 , 6053 , 6053 , 356678
9792 , 9792 , 6060 , 6060 , 357094
9824 , 9824 , 6060 , 6060 , 357509
9856 , 9856 , 6060 , 6060 , 357934
9888 , 9888 , 6060 , 6060 , 358342
9920 , 9920 , 6060 , 6060 , 358764
9952 , 9952 , 6078 , 6078 , 359818
9984 , 9984 , 6110 , 6110 , 360755
10016 , 10016 , 6142 , 6142 , 361329
10048 , 10048 , 6174 , 6174 , 361911
10080 , 10080 , 6206 , 6206 , 362493
10112 , 10112 , 6238 , 6238 , 363524
10144 , 10144 , 6270 , 6270 , 364741
10176 , 10176 , 6302 , 6302 , 365988
10208 , 10208 , 6334 , 6334 , 367209
10240 , 10240 , 6365 , 6365 , 368550
10272 , 10272 , 6397 , 6397 , 369524
10304 , 10304 , 6429 , 6429 , 370525
10336 , 10336 , 6461 , 6461 , 371470
10368 , 10368 , 6484 , 6484 , 372498
10400 , 10400 , 6484 , 6484 , 373451
10432 , 10432 , 6496 , 6496 , 374479
10464 , 10464 , 6528 , 6528 , 376100
10496 , 10496 , 6560 , 6560 , 377263
10528 , 10528 , 6592 , 6592 , 378366
10560 , 10560 , 6624 , 6624 , 379243
10592 , 10592 , 6656 , 6656 , 380162
10624 , 10624 , 6688 , 6688 , 381781
10656 , 10656 , 6720 , 6720 , 382991
10688 , 10688 , 6752 , 6752 , 384249
10720 , 10720 , 6784 , 6784 , 385475
10752 , 10752 , 6816 , 6816 , 386676
10784 , 10784 , 6848 , 6848 , 387632
10816 , 10816 , 6880 , 6880 , 388236
10848 , 10848 , 6912 , 6912 , 388909
10880 , 10880 , 6944 , 6944 , 390741
10912 , 10912 , 6976 , 6976 , 392564
10944 , 10944 , 7008 , 7008 , 394424
10976 , 10976 , 7040 , 7040 , 396242
11008 , 11008 , 7072 , 7072 , 397172
11040 , 11040 , 7104 , 7104 , 397921
11072 , 11072 , 7136 , 7136 , 398659
11104 , 11104 , 7168 , 7168 , 399400
11136 , 11136 , 7200 , 7200 , 400113
11168 , 11168 , 7232 , 7232 , 401245
11200 , 11200 , 7264 , 7264 , 402780
11232 , 11232 , 7296 , 7296 , 404139
11264 , 11264 , 7328 , 7328 , 405358
11296 , 11296 , 7360 , 7360 , 406619
11328 , 11328 , 7392 , 7392 , 407974
11360 , 11360 , 7424 , 7424 , 409092
11392 , 11392 , 7456 , 7456 , 410521
11424 , 11424 , 7488 , 7488 , 412373
11456 , 11456 , 7520 , 7520 , 414186
11488 , 11488 , 7552 , 7552 , 415633
11520 , 11520 , 7584 , 7584 , 417795
11552 , 11552 , 7616 , 7616 , 419049
11584 , 11584 , 7648 , 7648 , 419610
11616 , 11616 , 7680 , 7680 , 420021
11648 , 11648 , 7712 , 7712 , 420445
11680 , 11680 , 7744 , 7744 , 420867
11712 , 11712 , 7751 , 7751 , 421280
11744 , 11744 , 7751 , 7751 , 421698
11776 , 11776 , 7751 , 7751 , 422120
11808 , 11808 , 7751 , 7751 , 422539
11840 , 11840 , 7759 , 7759 , 423008
11872 , 11872 , 7791 , 7791 , 424090
11904 , 11904 , 7823 , 7823 , 425830
11936 , 11936 , 7855 , 7855 , 427218
11968 , 11968 , 7887 , 7887 , 428458
12000 , 12000 , 7919 , 7919 , 429695
12032 , 12032 , 7951 , 7951 , 430962
12064 , 12064 , 7983 , 7983 , 432020
12096 , 12096 , 8015 , 8015 , 433056
12128 , 12128 , 8047 , 8047 , 434069
12160 , 12160 , 8079 , 8079 , 435082
12192 , 12192 , 8094 , 8094 , 436091
12224 , 12224 , 8120 , 8120 , 437125
12256 , 12256 , 8152 , 8152 , 438689
12288 , 12288 , 8184 , 8184 , 440197
12320 , 12320 , 8216 , 8216 , 441401
12352 , 12352 , 8248 , 8248 , 442836
12384 , 12384 , 8280 , 8280 , 444502
12416 , 12416 , 8312 , 8312 , 446087
12448 , 12448 , 8344 , 8344 , 447711
12480 , 12480 , 8376 , 8376 , 448680
12512 , 12512 , 8408 , 8408 , 449140
12544 , 12544 , 8440 , 8440 , 449609
12576 , 12576 , 8472 , 8472 , 450068
12608 , 12608 , 8497 , 8497 , 450526
12640 , 12640 , 8497 , 8497 , 450993
12672 , 12672 , 8497 , 8497 , 451483
12704 , 12704 , 8497 , 8497 , 451963
12736 , 12736 , 8497 , 8497 , 452430
12768 , 12768 , 8527 , 8527 , 453399
12800 , 12800 , 8559 , 8559 , 454841
12832 , 12832 , 8591 , 8591 , 455811
12864 , 12864 , 8623 , 8623 , 456828
12896 , 12896 , 8655 , 8655 , 457914
12928 , 12928 , 8687 , 8687 , 459028
12960 , 12960 , 8719 , 8719 , 460117
12992 , 12992 , 8751 , 8751 , 461113
13024 , 13024 , 8783 , 8783 , 463117
13056 , 13056 , 8815 , 8815 , 466941
13088 , 13088 , 8847 , 8847 , 468173
13120 , 13120 , 8879 , 8879 , 469247
13152 , 13152 , 8911 , 8911 , 470853
13184 , 13184 , 8943 , 8943 , 471733
13216 , 13216 , 8975 , 8975 , 472334
13248 , 13248 , 9007 , 9007 , 473359
