32 , 32 , 0 , 0 , 1107
64 , 64 , 0 , 0 , 2270
96 , 96 , 0 , 0 , 3258
128 , 128 , 0 , 0 , 4498
160 , 160 , 0 , 0 , 5413
192 , 192 , 0 , 0 , 6322
224 , 224 , 0 , 0 , 7337
256 , 256 , 0 , 0 , 8487
288 , 288 , 0 , 0 , 9705
320 , 320 , 0 , 0 , 10952
352 , 352 , 0 , 0 , 12447
384 , 384 , 0 , 0 , 13824
416 , 416 , 0 , 0 , 16450
448 , 448 , 1 , 1 , 19809
480 , 480 , 1 , 1 , 21611
512 , 512 , 1 , 1 , 23427
544 , 544 , 10 , 10 , 24830
576 , 576 , 10 , 10 , 26010
608 , 608 , 17 , 17 , 27319
640 , 640 , 24 , 24 , 27961
672 , 672 , 24 , 24 , 28494
704 , 704 , 24 , 24 , 29023
736 , 736 , 30 , 30 , 29612
768 , 768 , 42 , 42 , 30344
800 , 800 , 46 , 46 , 31891
832 , 832 , 46 , 46 , 33562
864 , 864 , 59 , 59 , 35165
896 , 896 , 61 , 61 , 36382
928 , 928 , 82 , 82 , 37643
960 , 960 , 102 , 102 , 39013
992 , 992 , 112 , 112 , 40252
1024 , 1024 , 124 , 124 , 41274
1056 , 1056 , 151 , 151 , 42660
1088 , 1088 , 151 , 151 , 44162
1120 , 1120 , 173 , 173 , 45426
1152 , 1152 , 177 , 177 , 46713
1184 , 1184 , 195 , 195 , 47951
1216 , 1216 , 224 , 224 , 49782
1248 , 1248 , 244 , 244 , 51133
1280 , 1280 , 244 , 244 , 52228
1312 , 1312 , 265 , 265 , 53117
1344 , 1344 , 265 , 265 , 54217
1376 , 1376 , 277 , 277 , 55510
1408 , 1408 , 282 , 282 , 57173
1440 , 1440 , 282 , 282 , 58900
1472 , 1472 , 292 , 292 , 60292
1504 , 1504 , 308 , 308 , 61473
1536 , 1536 , 319 , 319 , 61939
1568 , 1568 , 319 , 319 , 62384
1600 , 1600 , 319 , 319 , 62831
1632 , 1632 , 319 , 319 , 63285
1664 , 1664 , 319 , 319 , 63737
1696 , 1696 , 319 , 319 , 64181
1728 , 1728 , 319 , 319 , 64624
1760 , 1760 , 319 , 319 , 65063
1792 , 1792 , 330 , 330 , 65787
1824 , 1824 , 338 , 338 , 66216
1856 , 1856 , 338 , 338 , 66622
1888 , 1888 , 338 , 338 , 67036
1920 , 1920 , 346 , 346 , 67702
1952 , 1952 , 355 , 355 , 68704
1984 , 1984 , 363 , 363 , 69787
2016 , 2016 , 370 , 370 , 71106
2048 , 2048 , 402 , 402 , 72405
2080 , 2080 , 434 , 434 , 73544
2112 , 2112 , 447 , 447 , 74679
2144 , 2144 , 447 , 447 , 75824
2176 , 2176 , 467 , 467 , 76669
2208 , 2208 , 495 , 495 , 77630
2240 , 2240 , 513 , 513 , 78682
2272 , 2272 , 518 , 518 , 79770
2304 , 2304 , 544 , 544 , 81001
2336 , 2336 , 550 , 550 , 82335
2368 , 2368 , 554 , 554 , 83778
2400 , 2400 , 579 , 579 , 85115
2432 , 2432 , 611 , 611 , 86357
2464 , 2464 , 643 , 643 , 87712
2496 , 2496 , 675 , 675 , 89131
2528 , 2528 , 704 , 704 , 90345
2560 , 2560 , 724 , 724 , 91281
2592 , 2592 , 727 , 727 , 91729
2624 , 2624 , 747 , 747 , 92695
2656 , 2656 , 779 , 779 , 94029
2688 , 2688 , 783 , 783 , 95099
2720 , 2720 , 810 , 810 , 96428
2752 , 2752 , 840 , 840 , 97896
2784 , 2784 , 866 , 866 , 98577
2816 , 2816 , 866 , 866 , 98989
2848 , 2848 , 866 , 866 , 99404
2880 , 2880 , 866 , 866 , 99819
2912 , 2912 , 891 , 891 , 101463
2944 , 2944 , 913 , 913 , 102483
2976 , 2976 , 924 , 924 , 103250
3008 , 3008 , 946 , 946 , 104587
3040 , 3040 , 946 , 946 , 106270
3072 , 3072 , 946 , 946 , 107890
3104 , 3104 , 970 , 970 , 109376
3136 , 3136 , 996 , 996 , 110713
3168 , 3168 , 1005 , 1005 , 111690
3200 , 3200 , 1005 , 1005 , 112720
3232 , 3232 , 1005 , 1005 , 113722
3264 , 3264 , 1005 , 1005 , 114776
3296 , 3296 , 1020 , 1020 , 115952
3328 , 3328 , 1037 , 1037 , 117031
3360 , 3360 , 1069 , 1069 , 118479
3392 , 3392 , 1083 , 1083 , 119990
3424 , 3424 , 1115 , 1115 , 121120
3456 , 3456 , 1133 , 1133 , 122231
3488 , 3488 , 1165 , 1165 , 123557
3520 , 3520 , 1197 , 1197 , 125466
3552 , 3552 , 1222 , 1222 , 126773
3584 , 3584 , 1253 , 1253 , 127310
3616 , 3616 , 1253 , 1253 , 127840
3648 , 3648 , 1253 , 1253 , 128356
3680 , 3680 , 1253 , 1253 , 128889
3712 , 3712 , 1253 , 1253 , 129421
3744 , 3744 , 1282 , 1282 , 130828
3776 , 3776 , 1300 , 1300 , 131439
3808 , 3808 , 1305 , 1305 , 132208
3840 , 3840 , 1337 , 1337 , 133867
3872 , 3872 , 1341 , 1341 , 135590
3904 , 3904 , 1369 , 1369 , 136778
3936 , 3936 , 1401 , 1401 , 137674
3968 , 3968 , 1428 , 1428 , 138232
4000 , 4000 , 1428 , 1428 , 138813
4032 , 4032 , 1428 , 1428 , 139370
4064 , 4064 , 1449 , 1449 , 140265
4096 , 4096 , 1481 , 1481 , 140882
4128 , 4128 , 1481 , 1481 , 141474
4160 , 4160 , 1508 , 1508 , 142378
4192 , 4192 , 1510 , 1510 , 143385
4224 , 4224 , 1510 , 1510 , 144421
4256 , 4256 , 1510 , 1510 , 145465
4288 , 4288 , 1510 , 1510 , 146503
4320 , 4320 , 1541 , 1541 , 147797
4352 , 4352 , 1552 , 1552 , 149044
4384 , 4384 , 1552 , 1552 , 150287
4416 , 4416 , 1553 , 1553 , 151552
4448 , 4448 , 1585 , 1585 , 152828
4480 , 4480 , 1613 , 1613 , 153479
4512 , 4512 , 1613 , 1613 , 154118
4544 , 4544 , 1645 , 1645 , 155507
4576 , 4576 , 1648 , 1648 , 156847
4608 , 4608 , 1648 , 1648 , 158178
4640 , 4640 , 1664 , 1664 , 159075
4672 , 4672 , 1696 , 1696 , 159914
4704 , 4704 , 1728 , 1728 , 161172
4736 , 4736 , 1760 , 1760 , 161964
4768 , 4768 , 1764 , 1764 , 162668
4800 , 4800 , 1764 , 1764 , 163440
4832 , 4832 , 1764 , 1764 , 164163
4864 , 4864 , 1796 , 1796 , 165367
4896 , 4896 , 1818 , 1818 , 166482
4928 , 4928 , 1844 , 1844 , 167135
4960 , 4960 , 1851 , 1851 , 167791
4992 , 4992 , 1883 , 1883 , 169267
5024 , 5024 , 1915 , 1915 , 169748
5056 , 5056 , 1918 , 1918 , 170165
5088 , 5088 , 1918 , 1918 , 170595
5120 , 5120 , 1918 , 1918 , 171019
5152 , 5152 , 1918 , 1918 , 171436
5184 , 5184 , 1918 , 1918 , 171855
5216 , 5216 , 1918 , 1918 , 172269
5248 , 5248 , 1918 , 1918 , 172687
5280 , 5280 , 1929 , 1929 , 173506
5312 , 5312 , 1961 , 1961 , 174495
5344 , 5344 , 1993 , 1993 , 178438
5376 , 5376 , 2025 , 2025 , 180543
5408 , 5408 , 2040 , 2040 , 182283
5440 , 5440 , 2040 , 2040 , 184036
5472 , 5472 , 2056 , 2056 , 185503
5504 , 5504 , 2088 , 2088 , 187115
5536 , 5536 , 2120 , 2120 , 188515
5568 , 5568 , 2152 , 2152 , 189787
5600 , 5600 , 2184 , 2184 , 191328
5632 , 5632 , 2202 , 2202 , 193130
5664 , 5664 , 2202 , 2202 , 194953
5696 , 5696 , 2226 , 2226 , 196093
5728 , 5728 , 2243 , 2243 , 197098
5760 , 5760 , 2272 , 2272 , 198498
5792 , 5792 , 2304 , 2304 , 199756
5824 , 5824 , 2336 , 2336 , 201415
5856 , 5856 , 2368 , 2368 , 202852
5888 , 5888 , 2400 , 2400 , 203666
5920 , 5920 , 2432 , 2432 , 204554
5952 , 5952 , 2460 , 2460 , 205807
5984 , 5984 , 2474 , 2474 , 206999
6016 , 6016 , 2506 , 2506 , 208056
6048 , 6048 , 2511 , 2511 , 209143
6080 , 6080 , 2543 , 2543 , 210124
6112 , 6112 , 2555 , 2555 , 211120
6144 , 6144 , 2555 , 2555 , 212041
6176 , 6176 , 2555 , 2555 , 213016
6208 , 6208 , 2555 , 2555 , 213971
6240 , 6240 , 2565 , 2565 , 214806
6272 , 6272 , 2597 , 2597 , 216558
6304 , 6304 , 2629 , 2629 , 217862
6336 , 6336 , 2645 , 2645 , 219094
6368 , 6368 , 2645 , 2645 , 220336
6400 , 6400 , 2652 , 2652 , 221637
6432 , 6432 , 2684 , 2684 , 223278
6464 , 6464 , 2716 , 2716 , 225360
6496 , 6496 , 2748 , 2748 , 226265
6528 , 6528 , 2779 , 2779 , 227122
6560 , 6560 , 2811 , 2811 , 227937
6592 , 6592 , 2843 , 2843 , 228459
6624 , 6624 , 2860 , 2860 , 228989
6656 , 6656 , 2860 , 2860 , 229507
6688 , 6688 , 2860 , 2860 , 230030
6720 , 6720 , 2866 , 2866 , 230634
6752 , 6752 , 2898 , 2898 , 231741
6784 , 6784 , 2930 , 2930 , 233319
6816 , 6816 , 2950 , 2950 , 234729
6848 , 6848 , 2982 , 2982 , 235557
6880 , 6880 , 3014 , 3014 , 236654
6912 , 6912 , 3046 , 3046 , 239439
6944 , 6944 , 3078 , 3078 , 240642
6976 , 6976 , 3093 , 3093 , 241879
7008 , 7008 , 3102 , 3102 , 243174
7040 , 7040 , 3134 , 3134 , 244331
7072 , 7072 , 3166 , 3166 , 245300
7104 , 7104 , 3198 , 3198 , 245741
7136 , 7136 , 3200 , 3200 , 246196
7168 , 7168 , 3200 , 3200 , 246648
7200 , 7200 , 3200 , 3200 , 247102
7232 , 7232 , 3200 , 3200 , 247555
7264 , 7264 , 3227 , 3227 , 248137
7296 , 7296 , 3259 , 3259 , 248626
7328 , 7328 , 3283 , 3283 , 249164
7360 , 7360 , 3283 , 3283 , 249699
7392 , 7392 , 3298 , 3298 , 250464
7424 , 7424 , 3330 , 3330 , 251770
7456 , 7456 , 3362 , 3362 , 252997
7488 , 7488 , 3394 , 3394 , 254512
7520 , 7520 , 3426 , 3426 , 255579
7552 , 7552 , 3458 , 3458 , 256622
7584 , 7584 , 3490 , 3490 , 258292
7616 , 7616 , 3522 , 3522 , 260051
7648 , 7648 , 3550 , 3550 , 261227
7680 , 7680 , 3579 , 3579 , 262337
7712 , 7712 , 3606 , 3606 , 263344
7744 , 7744 , 3638 , 3638 , 264093
7776 , 7776 , 3670 , 3670 , 264943
7808 , 7808 , 3702 , 3702 , 266028
7840 , 7840 , 3734 , 3734 , 267080
7872 , 7872 , 3766 , 3766 , 268269
7904 , 7904 , 3798 , 3798 , 269462
7936 , 7936 , 3830 , 3830 , 270617
7968 , 7968 , 3861 , 3861 , 271734
8000 , 8000 , 3893 , 3893 , 273119
8032 , 8032 , 3925 , 3925 , 273924
8064 , 8064 , 3957 , 3957 , 274340
8096 , 8096 , 3967 , 3967 , 274760
8128 , 8128 , 3967 , 3967 , 275173
8160 , 8160 , 3967 , 3967 , 275585
8192 , 8192 , 3967 , 3967 , 276011
8224 , 8224 , 3967 , 3967 , 276437
8256 , 8256 , 3967 , 3967 , 276855
8288 , 8288 , 3967 , 3967 , 277278
8320 , 8320 , 3993 , 3993 , 278337
8352 , 8352 , 4024 , 4024 , 279644
8384 , 8384 , 4049 , 4049 , 281213
8416 , 8416 , 4081 , 4081 , 282914
8448 , 8448 , 4095 , 4095 , 284449
8480 , 8480 , 4127 , 4127 , 285804
8512 , 8512 , 4154 , 4154 , 287179
8544 , 8544 , 4154 , 4154 , 288481
8576 , 8576 , 4176 , 4176 , 289624
8608 , 8608 , 4208 , 4208 , 291035
8640 , 8640 , 4240 , 4240 , 292732
8672 , 8672 , 4268 , 4268 , 294483
8704 , 8704 , 4268 , 4268 , 296214
8736 , 8736 , 4297 , 4297 , 296764
8768 , 8768 , 4329 , 4329 , 297230
8800 , 8800 , 4334 , 4334 , 297686
8832 , 8832 , 4334 , 4334 , 298159
8864 , 8864 , 4334 , 4334 , 298633
8896 , 8896 , 4334 , 4334 , 299110
8928 , 8928 , 4334 , 4334 , 299584
8960 , 8960 , 4334 , 4334 , 300045
8992 , 8992 , 4344 , 4344 , 300774
9024 , 9024 , 4376 , 4376 , 302225
9056 , 9056 , 4408 , 4408 , 303315
9088 , 9088 , 4440 , 4440 , 304402
9120 , 9120 , 4472 , 4472 , 306623
9152 , 9152 , 4504 , 4504 , 311887
9184 , 9184 , 4536 , 4536 , 312871
9216 , 9216 , 4568 , 4568 , 314155
9248 , 9248 , 4600 , 4600 , 315322
9280 , 9280 , 4632 , 4632 , 316327
9312 , 9312 , 4657 , 4657 , 317352
9344 , 9344 , 4657 , 4657 , 318331
9376 , 9376 , 4657 , 4657 , 319348
9408 , 9408 , 4657 , 4657 , 320337
9440 , 9440 , 4678 , 4678 , 321532
9472 , 9472 , 4710 , 4710 , 322702
9504 , 9504 , 4742 , 4742 , 323786
9536 , 9536 , 4774 , 4774 , 324886
9568 , 9568 , 4806 , 4806 , 326452
9600 , 9600 , 4838 , 4838 , 328014
