32 , 32 , 0 , 0 , 1030
64 , 64 , 0 , 0 , 2434
96 , 96 , 0 , 0 , 3497
128 , 128 , 0 , 0 , 4473
160 , 160 , 0 , 0 , 5466
192 , 192 , 0 , 0 , 6487
224 , 224 , 0 , 0 , 7462
256 , 256 , 0 , 0 , 8411
288 , 288 , 0 , 0 , 9445
320 , 320 , 0 , 0 , 10471
352 , 352 , 0 , 0 , 11655
384 , 384 , 0 , 0 , 12941
416 , 416 , 0 , 0 , 14284
448 , 448 , 0 , 0 , 15166
480 , 480 , 2 , 2 , 16277
512 , 512 , 2 , 2 , 17793
544 , 544 , 2 , 2 , 19369
576 , 576 , 2 , 2 , 20988
608 , 608 , 2 , 2 , 22486
640 , 640 , 4 , 4 , 23552
672 , 672 , 4 , 4 , 25009
704 , 704 , 4 , 4 , 26196
736 , 736 , 7 , 7 , 27403
768 , 768 , 7 , 7 , 28576
800 , 800 , 10 , 10 , 29413
832 , 832 , 10 , 10 , 29866
864 , 864 , 10 , 10 , 30330
896 , 896 , 10 , 10 , 30795
928 , 928 , 10 , 10 , 31255
960 , 960 , 10 , 10 , 31728
992 , 992 , 10 , 10 , 32191
1024 , 1024 , 10 , 10 , 32655
1056 , 1056 , 10 , 10 , 33124
1088 , 1088 , 12 , 12 , 34125
1120 , 1120 , 16 , 16 , 35443
1152 , 1152 , 19 , 19 , 36729
1184 , 1184 , 19 , 19 , 38319
1216 , 1216 , 19 , 19 , 39932
1248 , 1248 , 19 , 19 , 41514
1280 , 1280 , 25 , 25 , 41992
1312 , 1312 , 29 , 29 , 42573
1344 , 1344 , 38 , 38 , 43920
1376 , 1376 , 38 , 38 , 45602
1408 , 1408 , 38 , 38 , 47332
1440 , 1440 , 52 , 52 , 48693
1472 , 1472 , 55 , 55 , 49921
1504 , 1504 , 61 , 61 , 50988
1536 , 1536 , 67 , 67 , 51597
1568 , 1568 , 67 , 67 , 52192
1600 , 1600 , 80 , 80 , 53239
1632 , 1632 , 83 , 83 , 54224
1664 , 1664 , 86 , 86 , 55446
1696 , 1696 , 91 , 91 , 56032
1728 , 1728 , 91 , 91 , 56453
1760 , 1760 , 91 , 91 , 56881
1792 , 1792 , 91 , 91 , 57305
1824 , 1824 , 95 , 95 , 58427
1856 , 1856 , 98 , 98 , 59495
1888 , 1888 , 100 , 100 , 60659
1920 , 1920 , 104 , 104 , 61381
1952 , 1952 , 106 , 106 , 62634
1984 , 1984 , 106 , 106 , 63999
2016 , 2016 , 106 , 106 , 65339
2048 , 2048 , 109 , 109 , 66691
2080 , 2080 , 113 , 113 , 67844
2112 , 2112 , 114 , 114 , 69108
2144 , 2144 , 127 , 127 , 70788
2176 , 2176 , 134 , 134 , 73529
2208 , 2208 , 141 , 141 , 76818
2240 , 2240 , 146 , 146 , 78075
2272 , 2272 , 161 , 161 , 79415
2304 , 2304 , 176 , 176 , 81068
2336 , 2336 , 178 , 178 , 82203
2368 , 2368 , 185 , 185 , 87951
2400 , 2400 , 215 , 215 , 88835
2432 , 2432 , 215 , 215 , 89487
2464 , 2464 , 226 , 226 , 90322
2496 , 2496 , 241 , 241 , 91462
2528 , 2528 , 256 , 256 , 92570
2560 , 2560 , 256 , 256 , 93801
2592 , 2592 , 277 , 277 , 94816
2624 , 2624 , 289 , 289 , 95887
2656 , 2656 , 308 , 308 , 96880
2688 , 2688 , 308 , 308 , 98494
2720 , 2720 , 323 , 323 , 99787
2752 , 2752 , 323 , 323 , 100907
2784 , 2784 , 323 , 323 , 102048
2816 , 2816 , 330 , 330 , 102470
2848 , 2848 , 330 , 330 , 102895
2880 , 2880 , 330 , 330 , 103306
2912 , 2912 , 335 , 335 , 103835
2944 , 2944 , 348 , 348 , 105024
2976 , 2976 , 354 , 354 , 106761
3008 , 3008 , 354 , 354 , 108530
3040 , 3040 , 354 , 354 , 110268
3072 , 3072 , 364 , 364 , 111439
3104 , 3104 , 389 , 389 , 112995
3136 , 3136 , 406 , 406 , 114051
3168 , 3168 , 416 , 416 , 115118
3200 , 3200 , 428 , 428 , 116440
3232 , 3232 , 438 , 438 , 117518
3264 , 3264 , 439 , 439 , 118626
3296 , 3296 , 454 , 454 , 119709
3328 , 3328 , 471 , 471 , 120695
3360 , 3360 , 500 , 500 , 121450
3392 , 3392 , 500 , 500 , 122022
3424 , 3424 , 500 , 500 , 122602
3456 , 3456 , 501 , 501 , 123226
3488 , 3488 , 513 , 513 , 125259
3520 , 3520 , 513 , 513 , 127366
3552 , 3552 , 513 , 513 , 129399
3584 , 3584 , 534 , 534 , 131457
3616 , 3616 , 551 , 551 , 132680
3648 , 3648 , 551 , 551 , 133958
3680 , 3680 , 576 , 576 , 134915
3712 , 3712 , 603 , 603 , 136122
3744 , 3744 , 606 , 606 , 137055
3776 , 3776 , 606 , 606 , 138090
3808 , 3808 , 606 , 606 , 139090
3840 , 3840 , 606 , 606 , 140061
3872 , 3872 , 606 , 606 , 141095
3904 , 3904 , 626 , 626 , 142553
3936 , 3936 , 648 , 648 , 143799
3968 , 3968 , 675 , 675 , 145010
4000 , 4000 , 685 , 685 , 146064
4032 , 4032 , 717 , 717 , 147046
4064 , 4064 , 741 , 741 , 148105
4096 , 4096 , 762 , 762 , 149605
4128 , 4128 , 777 , 777 , 150869
4160 , 4160 , 790 , 790 , 151922
4192 , 4192 , 822 , 822 , 153194
4224 , 4224 , 845 , 845 , 154673
4256 , 4256 , 864 , 864 , 155689
4288 , 4288 , 871 , 871 , 156928
4320 , 4320 , 892 , 892 , 158109
4352 , 4352 , 906 , 906 , 159203
4384 , 4384 , 927 , 927 , 160575
4416 , 4416 , 959 , 959 , 161678
4448 , 4448 , 991 , 991 , 162320
4480 , 4480 , 1022 , 1022 , 163008
4512 , 4512 , 1022 , 1022 , 163573
4544 , 4544 , 1022 , 1022 , 164140
4576 , 4576 , 1026 , 1026 , 164787
4608 , 4608 , 1058 , 1058 , 167662
4640 , 4640 , 1082 , 1082 , 168384
4672 , 4672 , 1094 , 1094 , 169365
4704 , 4704 , 1104 , 1104 , 170519
4736 , 4736 , 1110 , 1110 , 172023
4768 , 4768 , 1138 , 1138 , 172868
4800 , 4800 , 1164 , 1164 , 174247
4832 , 4832 , 1187 , 1187 , 175334
4864 , 4864 , 1219 , 1219 , 176538
4896 , 4896 , 1249 , 1249 , 177485
4928 , 4928 , 1270 , 1270 , 179014
4960 , 4960 , 1295 , 1295 , 180372
4992 , 4992 , 1311 , 1311 , 181403
5024 , 5024 , 1311 , 1311 , 182457
5056 , 5056 , 1311 , 1311 , 183491
5088 , 5088 , 1311 , 1311 , 184517
5120 , 5120 , 1312 , 1312 , 185564
5152 , 5152 , 1326 , 1326 , 186216
5184 , 5184 , 1326 , 1326 , 186872
5216 , 5216 , 1358 , 1358 , 188138
5248 , 5248 , 1367 , 1367 , 189261
5280 , 5280 , 1371 , 1371 , 190291
5312 , 5312 , 1386 , 1386 , 191154
5344 , 5344 , 1398 , 1398 , 192117
5376 , 5376 , 1403 , 1403 , 193106
5408 , 5408 , 1420 , 1420 , 193861
5440 , 5440 , 1451 , 1451 , 195218
5472 , 5472 , 1453 , 1453 , 196891
5504 , 5504 , 1454 , 1454 , 198608
5536 , 5536 , 1486 , 1486 , 199783
5568 , 5568 , 1492 , 1492 , 201634
5600 , 5600 , 1492 , 1492 , 203406
5632 , 5632 , 1506 , 1506 , 204648
5664 , 5664 , 1531 , 1531 , 205672
5696 , 5696 , 1531 , 1531 , 206892
5728 , 5728 , 1531 , 1531 , 208028
5760 , 5760 , 1559 , 1559 , 209438
5792 , 5792 , 1559 , 1559 , 211047
5824 , 5824 , 1585 , 1585 , 212145
5856 , 5856 , 1595 , 1595 , 213158
5888 , 5888 , 1595 , 1595 , 214161
5920 , 5920 , 1595 , 1595 , 215169
5952 , 5952 , 1595 , 1595 , 216166
5984 , 5984 , 1610 , 1610 , 217127
6016 , 6016 , 1632 , 1632 , 218443
6048 , 6048 , 1640 , 1640 , 220273
6080 , 6080 , 1640 , 1640 , 222130
6112 , 6112 , 1660 , 1660 , 223441
6144 , 6144 , 1692 , 1692 , 224804
6176 , 6176 , 1724 , 1724 , 226523
6208 , 6208 , 1756 , 1756 , 227473
6240 , 6240 , 1788 , 1788 , 228388
6272 , 6272 , 1820 , 1820 , 229945
6304 , 6304 , 1834 , 1834 , 231596
6336 , 6336 , 1834 , 1834 , 233297
6368 , 6368 , 1863 , 1863 , 234298
6400 , 6400 , 1875 , 1875 , 234754
6432 , 6432 , 1875 , 1875 , 235221
6464 , 6464 , 1875 , 1875 , 235700
6496 , 6496 , 1875 , 1875 , 236160
6528 , 6528 , 1875 , 1875 , 236639
6560 , 6560 , 1875 , 1875 , 237118
6592 , 6592 , 1875 , 1875 , 237576
6624 , 6624 , 1875 , 1875 , 238018
6656 , 6656 , 1900 , 1900 , 239330
6688 , 6688 , 1901 , 1901 , 240887
6720 , 6720 , 1901 , 1901 , 242522
6752 , 6752 , 1904 , 1904 , 244088
