32 , 32 , 0 , 0 , 1108
64 , 64 , 0 , 0 , 2983
96 , 96 , 0 , 0 , 4362
128 , 128 , 0 , 0 , 4995
160 , 160 , 0 , 0 , 5437
192 , 192 , 0 , 0 , 5909
224 , 224 , 0 , 0 , 6357
256 , 256 , 0 , 0 , 6811
288 , 288 , 0 , 0 , 7282
320 , 320 , 0 , 0 , 7759
352 , 352 , 0 , 0 , 8221
384 , 384 , 0 , 0 , 8708
416 , 416 , 0 , 0 , 9671
448 , 448 , 0 , 0 , 10983
480 , 480 , 2 , 2 , 12243
512 , 512 , 2 , 2 , 13426
544 , 544 , 2 , 2 , 14862
576 , 576 , 2 , 2 , 16308
608 , 608 , 6 , 6 , 17530
640 , 640 , 10 , 10 , 19230
672 , 672 , 10 , 10 , 21154
704 , 704 , 10 , 10 , 23009
736 , 736 , 20 , 20 , 24495
768 , 768 , 20 , 20 , 26080
800 , 800 , 27 , 27 , 27682
832 , 832 , 45 , 45 , 28773
864 , 864 , 45 , 45 , 29861
896 , 896 , 54 , 54 , 30848
928 , 928 , 73 , 73 , 32574
960 , 960 , 85 , 85 , 33642
992 , 992 , 85 , 85 , 34174
1024 , 1024 , 85 , 85 , 34712
1056 , 1056 , 85 , 85 , 35252
1088 , 1088 , 85 , 85 , 35789
1120 , 1120 , 101 , 101 , 36682
1152 , 1152 , 101 , 101 , 38218
1184 , 1184 , 121 , 121 , 39520
1216 , 1216 , 128 , 128 , 40643
1248 , 1248 , 128 , 128 , 41759
1280 , 1280 , 148 , 148 , 42647
1312 , 1312 , 172 , 172 , 44112
1344 , 1344 , 182 , 182 , 45173
1376 , 1376 , 182 , 182 , 45804
1408 , 1408 , 191 , 191 , 46516
1440 , 1440 , 202 , 202 , 47660
1472 , 1472 , 224 , 224 , 49465
1504 , 1504 , 225 , 225 , 50619
1536 , 1536 , 237 , 237 , 51539
1568 , 1568 , 252 , 252 , 54945
1600 , 1600 , 271 , 271 , 57192
1632 , 1632 , 295 , 295 , 58486
1664 , 1664 , 295 , 295 , 59735
1696 , 1696 , 295 , 295 , 60970
1728 , 1728 , 306 , 306 , 62254
1760 , 1760 , 320 , 320 , 63923
1792 , 1792 , 320 , 320 , 65639
1824 , 1824 , 341 , 341 , 66983
1856 , 1856 , 362 , 362 , 67823
1888 , 1888 , 394 , 394 , 69499
1920 , 1920 , 405 , 405 , 70039
1952 , 1952 , 405 , 405 , 70577
1984 , 1984 , 405 , 405 , 71105
2016 , 2016 , 429 , 429 , 72084
2048 , 2048 , 461 , 461 , 73252
2080 , 2080 , 493 , 493 , 75011
2112 , 2112 , 523 , 523 , 76948
2144 , 2144 , 554 , 554 , 78232
2176 , 2176 , 568 , 568 , 79967
2208 , 2208 , 578 , 578 , 81481
2240 , 2240 , 591 , 591 , 82628
2272 , 2272 , 600 , 600 , 84080
2304 , 2304 , 632 , 632 , 85536
2336 , 2336 , 643 , 643 , 87186
2368 , 2368 , 643 , 643 , 88860
2400 , 2400 , 658 , 658 , 90224
2432 , 2432 , 690 , 690 , 92222
2464 , 2464 , 717 , 717 , 94070
2496 , 2496 , 741 , 741 , 95688
2528 , 2528 , 745 , 745 , 97431
2560 , 2560 , 745 , 745 , 99167
2592 , 2592 , 755 , 755 , 100470
2624 , 2624 , 771 , 771 , 100883
2656 , 2656 , 771 , 771 , 101288
2688 , 2688 , 771 , 771 , 101695
2720 , 2720 , 786 , 786 , 102600
2752 , 2752 , 807 , 807 , 103892
2784 , 2784 , 807 , 807 , 105283
2816 , 2816 , 836 , 836 , 106232
2848 , 2848 , 851 , 851 , 106880
2880 , 2880 , 861 , 861 , 107791
2912 , 2912 , 893 , 893 , 109452
2944 , 2944 , 897 , 897 , 111158
2976 , 2976 , 906 , 906 , 113036
3008 , 3008 , 938 , 938 , 118326
3040 , 3040 , 970 , 970 , 120214
3072 , 3072 , 1002 , 1002 , 121630
3104 , 3104 , 1018 , 1018 , 123015
3136 , 3136 , 1050 , 1050 , 124798
3168 , 3168 , 1082 , 1082 , 125946
3200 , 3200 , 1104 , 1104 , 127713
3232 , 3232 , 1104 , 1104 , 129528
3264 , 3264 , 1120 , 1120 , 131021
3296 , 3296 , 1152 , 1152 , 132709
3328 , 3328 , 1177 , 1177 , 133747
3360 , 3360 , 1203 , 1203 , 135096
3392 , 3392 , 1235 , 1235 , 136676
3424 , 3424 , 1267 , 1267 , 137763
3456 , 3456 , 1299 , 1299 , 138795
3488 , 3488 , 1325 , 1325 , 139783
3520 , 3520 , 1343 , 1343 , 140828
3552 , 3552 , 1375 , 1375 , 141967
3584 , 3584 , 1397 , 1397 , 143002
3616 , 3616 , 1429 , 1429 , 144127
3648 , 3648 , 1459 , 1459 , 144696
3680 , 3680 , 1459 , 1459 , 145267
3712 , 3712 , 1459 , 1459 , 145846
3744 , 3744 , 1485 , 1485 , 147227
3776 , 3776 , 1517 , 1517 , 148004
3808 , 3808 , 1526 , 1526 , 148739
3840 , 3840 , 1526 , 1526 , 149470
3872 , 3872 , 1528 , 1528 , 150216
3904 , 3904 , 1560 , 1560 , 151389
3936 , 3936 , 1589 , 1589 , 152528
3968 , 3968 , 1598 , 1598 , 153939
4000 , 4000 , 1630 , 1630 , 156006
4032 , 4032 , 1633 , 1633 , 158030
4064 , 4064 , 1633 , 1633 , 160058
4096 , 4096 , 1662 , 1662 , 161697
4128 , 4128 , 1690 , 1690 , 163370
4160 , 4160 , 1691 , 1691 , 165061
4192 , 4192 , 1723 , 1723 , 166305
4224 , 4224 , 1755 , 1755 , 167323
4256 , 4256 , 1787 , 1787 , 168329
4288 , 4288 , 1814 , 1814 , 169407
4320 , 4320 , 1846 , 1846 , 170483
4352 , 4352 , 1878 , 1878 , 171901
4384 , 4384 , 1909 , 1909 , 173717
4416 , 4416 , 1909 , 1909 , 175549
4448 , 4448 , 1928 , 1928 , 176867
4480 , 4480 , 1959 , 1959 , 177974
4512 , 4512 , 1959 , 1959 , 179081
4544 , 4544 , 1984 , 1984 , 181781
4576 , 4576 , 2016 , 2016 , 183574
4608 , 4608 , 2036 , 2036 , 185332
4640 , 4640 , 2041 , 2041 , 187010
4672 , 4672 , 2073 , 2073 , 188249
4704 , 4704 , 2105 , 2105 , 189346
4736 , 4736 , 2137 , 2137 , 190537
4768 , 4768 , 2169 , 2169 , 191783
4800 , 4800 , 2201 , 2201 , 193075
4832 , 4832 , 2233 , 2233 , 194355
4864 , 4864 , 2257 , 2257 , 195434
4896 , 4896 , 2289 , 2289 , 196518
4928 , 4928 , 2321 , 2321 , 197492
4960 , 4960 , 2353 , 2353 , 198536
4992 , 4992 , 2385 , 2385 , 198989
5024 , 5024 , 2414 , 2414 , 199652
5056 , 5056 , 2446 , 2446 , 200491
5088 , 5088 , 2478 , 2478 , 201570
5120 , 5120 , 2510 , 2510 , 202573
5152 , 5152 , 2542 , 2542 , 203590
5184 , 5184 , 2574 , 2574 , 204771
5216 , 5216 , 2606 , 2606 , 205381
5248 , 5248 , 2638 , 2638 , 205799
5280 , 5280 , 2639 , 2639 , 206214
5312 , 5312 , 2639 , 2639 , 206640
5344 , 5344 , 2670 , 2670 , 207597
5376 , 5376 , 2699 , 2699 , 208659
5408 , 5408 , 2699 , 2699 , 209690
5440 , 5440 , 2699 , 2699 , 210702
5472 , 5472 , 2702 , 2702 , 211778
5504 , 5504 , 2734 , 2734 , 213040
5536 , 5536 , 2766 , 2766 , 214300
5568 , 5568 , 2794 , 2794 , 215552
5600 , 5600 , 2794 , 2794 , 216821
5632 , 5632 , 2817 , 2817 , 218214
5664 , 5664 , 2849 , 2849 , 219604
5696 , 5696 , 2881 , 2881 , 220731
5728 , 5728 , 2913 , 2913 , 221712
5760 , 5760 , 2945 , 2945 , 222272
5792 , 5792 , 2959 , 2959 , 222838
5824 , 5824 , 2965 , 2965 , 223456
5856 , 5856 , 2997 , 2997 , 224463
5888 , 5888 , 3029 , 3029 , 225589
5920 , 5920 , 3053 , 3053 , 226804
5952 , 5952 , 3085 , 3085 , 228098
5984 , 5984 , 3117 , 3117 , 229190
6016 , 6016 , 3149 , 3149 , 230173
6048 , 6048 , 3181 , 3181 , 231135
6080 , 6080 , 3213 , 3213 , 234792
6112 , 6112 , 3245 , 3245 , 237422
6144 , 6144 , 3277 , 3277 , 238706
6176 , 6176 , 3309 , 3309 , 239879
6208 , 6208 , 3341 , 3341 , 241315
6240 , 6240 , 3373 , 3373 , 241785
6272 , 6272 , 3405 , 3405 , 242360
6304 , 6304 , 3437 , 3437 , 243009
6336 , 6336 , 3469 , 3469 , 243759
6368 , 6368 , 3501 , 3501 , 245307
6400 , 6400 , 3533 , 3533 , 246850
6432 , 6432 , 3565 , 3565 , 248558
6464 , 6464 , 3597 , 3597 , 250336
6496 , 6496 , 3629 , 3629 , 251352
6528 , 6528 , 3661 , 3661 , 252115
6560 , 6560 , 3693 , 3693 , 253242
6592 , 6592 , 3725 , 3725 , 254650
6624 , 6624 , 3757 , 3757 , 257816
6656 , 6656 , 3789 , 3789 , 262483
6688 , 6688 , 3821 , 3821 , 263095
6720 , 6720 , 3853 , 3853 , 263612
6752 , 6752 , 3869 , 3869 , 264143
6784 , 6784 , 3869 , 3869 , 264684
6816 , 6816 , 3869 , 3869 , 265207
6848 , 6848 , 3899 , 3899 , 265908
6880 , 6880 , 3931 , 3931 , 266620
6912 , 6912 , 3945 , 3945 , 267352
6944 , 6944 , 3948 , 3948 , 268068
6976 , 6976 , 3980 , 3980 , 268901
7008 , 7008 , 4012 , 4012 , 270206
7040 , 7040 , 4044 , 4044 , 271304
7072 , 7072 , 4076 , 4076 , 272417
7104 , 7104 , 4108 , 4108 , 274241
7136 , 7136 , 4140 , 4140 , 276039
7168 , 7168 , 4161 , 4161 , 277147
7200 , 7200 , 4193 , 4193 , 278215
7232 , 7232 , 4225 , 4225 , 279719
7264 , 7264 , 4257 , 4257 , 280750
7296 , 7296 , 4289 , 4289 , 282061
7328 , 7328 , 4321 , 4321 , 283068
7360 , 7360 , 4353 , 4353 , 284040
7392 , 7392 , 4376 , 4376 , 285003
7424 , 7424 , 4376 , 4376 , 285944
7456 , 7456 , 4376 , 4376 , 286877
7488 , 7488 , 4379 , 4379 , 287778
7520 , 7520 , 4411 , 4411 , 288194
7552 , 7552 , 4443 , 4443 , 288608
7584 , 7584 , 4459 , 4459 , 289024
7616 , 7616 , 4459 , 4459 , 289437
7648 , 7648 , 4459 , 4459 , 289860
7680 , 7680 , 4459 , 4459 , 290293
7712 , 7712 , 4459 , 4459 , 290712
7744 , 7744 , 4459 , 4459 , 291126
7776 , 7776 , 4475 , 4475 , 291914
7808 , 7808 , 4507 , 4507 , 293303
7840 , 7840 , 4539 , 4539 , 294233
7872 , 7872 , 4571 , 4571 , 295312
7904 , 7904 , 4603 , 4603 , 297475
7936 , 7936 , 4635 , 4635 , 298526
7968 , 7968 , 4667 , 4667 , 299579
8000 , 8000 , 4699 , 4699 , 300542
8032 , 8032 , 4731 , 4731 , 301699
8064 , 8064 , 4763 , 4763 , 303177
8096 , 8096 , 4795 , 4795 , 304781
8128 , 8128 , 4827 , 4827 , 306032
8160 , 8160 , 4859 , 4859 , 307038
8192 , 8192 , 4891 , 4891 , 308074
8224 , 8224 , 4916 , 4916 , 309069
8256 , 8256 , 4916 , 4916 , 310084
8288 , 8288 , 4917 , 4917 , 311119
8320 , 8320 , 4949 , 4949 , 312441
8352 , 8352 , 4981 , 4981 , 313806
8384 , 8384 , 5008 , 5008 , 315146
8416 , 8416 , 5016 , 5016 , 316394
8448 , 8448 , 5048 , 5048 , 317619
8480 , 8480 , 5080 , 5080 , 318671
8512 , 8512 , 5112 , 5112 , 319678
8544 , 8544 , 5144 , 5144 , 320924
8576 , 8576 , 5176 , 5176 , 322593
8608 , 8608 , 5208 , 5208 , 324283
8640 , 8640 , 5240 , 5240 , 325554
8672 , 8672 , 5272 , 5272 , 326742
8704 , 8704 , 5304 , 5304 , 328099
8736 , 8736 , 5336 , 5336 , 329411
8768 , 8768 , 5347 , 5347 , 330689
8800 , 8800 , 5376 , 5376 , 331857
8832 , 8832 , 5408 , 5408 , 332592
8864 , 8864 , 5440 , 5440 , 333536
8896 , 8896 , 5472 , 5472 , 334472
8928 , 8928 , 5504 , 5504 , 335619
8960 , 8960 , 5536 , 5536 , 336834
8992 , 8992 , 5568 , 5568 , 337927
9024 , 9024 , 5600 , 5600 , 338468
9056 , 9056 , 5632 , 5632 , 339006
9088 , 9088 , 5657 , 5657 , 339542
9120 , 9120 , 5683 , 5683 , 340674
9152 , 9152 , 5715 , 5715 , 342137
9184 , 9184 , 5747 , 5747 , 343483
9216 , 9216 , 5779 , 5779 , 344949
9248 , 9248 , 5811 , 5811 , 346153
9280 , 9280 , 5843 , 5843 , 347437
9312 , 9312 , 5875 , 5875 , 349037
9344 , 9344 , 5907 , 5907 , 350749
9376 , 9376 , 5939 , 5939 , 352543
9408 , 9408 , 5953 , 5953 , 354249
9440 , 9440 , 5984 , 5984 , 355416
9472 , 9472 , 6016 , 6016 , 356650
9504 , 9504 , 6048 , 6048 , 357633
9536 , 9536 , 6080 , 6080 , 358580
9568 , 9568 , 6112 , 6112 , 359531
9600 , 9600 , 6115 , 6115 , 360538
9632 , 9632 , 6115 , 6115 , 361491
9664 , 9664 , 6128 , 6128 , 362229
9696 , 9696 , 6160 , 6160 , 362649
9728 , 9728 , 6192 , 6192 , 363067
9760 , 9760 , 6217 , 6217 , 363488
9792 , 9792 , 6217 , 6217 , 363906
9824 , 9824 , 6217 , 6217 , 364339
9856 , 9856 , 6217 , 6217 , 364756
9888 , 9888 , 6217 , 6217 , 365163
9920 , 9920 , 6217 , 6217 , 365580
9952 , 9952 , 6243 , 6243 , 366539
9984 , 9984 , 6275 , 6275 , 367588
10016 , 10016 , 6307 , 6307 , 368797
10048 , 10048 , 6339 , 6339 , 370056
10080 , 10080 , 6371 , 6371 , 371358
10112 , 10112 , 6403 , 6403 , 372438
10144 , 10144 , 6435 , 6435 , 373732
10176 , 10176 , 6467 , 6467 , 375428
10208 , 10208 , 6499 , 6499 , 377167
10240 , 10240 , 6531 , 6531 , 378348
10272 , 10272 , 6563 , 6563 , 379223
10304 , 10304 , 6595 , 6595 , 380372
10336 , 10336 , 6627 , 6627 , 381579
10368 , 10368 , 6659 , 6659 , 382883
10400 , 10400 , 6691 , 6691 , 383888
10432 , 10432 , 6723 , 6723 , 384352
10464 , 10464 , 6755 , 6755 , 384817
10496 , 10496 , 6787 , 6787 , 385293
10528 , 10528 , 6788 , 6788 , 385765
10560 , 10560 , 6788 , 6788 , 386227
10592 , 10592 , 6788 , 6788 , 386703
10624 , 10624 , 6788 , 6788 , 387163
10656 , 10656 , 6788 , 6788 , 387626
10688 , 10688 , 6815 , 6815 , 388850
10720 , 10720 , 6847 , 6847 , 390278
10752 , 10752 , 6879 , 6879 , 391706
10784 , 10784 , 6911 , 6911 , 393123
10816 , 10816 , 6943 , 6943 , 394656
10848 , 10848 , 6975 , 6975 , 396270
10880 , 10880 , 7007 , 7007 , 397852
10912 , 10912 , 7039 , 7039 , 399240
10944 , 10944 , 7071 , 7071 , 400611
10976 , 10976 , 7103 , 7103 , 401929
11008 , 11008 , 7135 , 7135 , 402824
11040 , 11040 , 7167 , 7167 , 403784
11072 , 11072 , 7199 , 7199 , 404454
11104 , 11104 , 7231 , 7231 , 405473
11136 , 11136 , 7263 , 7263 , 406892
11168 , 11168 , 7295 , 7295 , 408399
11200 , 11200 , 7327 , 7327 , 409983
11232 , 11232 , 7359 , 7359 , 411249
11264 , 11264 , 7391 , 7391 , 412149
11296 , 11296 , 7423 , 7423 , 413423
11328 , 11328 , 7455 , 7455 , 414598
11360 , 11360 , 7487 , 7487 , 415778
11392 , 11392 , 7519 , 7519 , 416606
11424 , 11424 , 7551 , 7551 , 418003
11456 , 11456 , 7583 , 7583 , 419248
11488 , 11488 , 7615 , 7615 , 420117
11520 , 11520 , 7647 , 7647 , 421552
11552 , 11552 , 7679 , 7679 , 422940
11584 , 11584 , 7711 , 7711 , 424134
11616 , 11616 , 7743 , 7743 , 425594
11648 , 11648 , 7775 , 7775 , 426717
