32 , 32 , 0 , 0 , 1071
64 , 64 , 0 , 0 , 2824
96 , 96 , 0 , 0 , 4411
128 , 128 , 0 , 0 , 5508
160 , 160 , 0 , 0 , 8919
192 , 192 , 0 , 0 , 12298
224 , 224 , 0 , 0 , 12906
256 , 256 , 0 , 0 , 13476
288 , 288 , 0 , 0 , 14053
320 , 320 , 0 , 0 , 14695
352 , 352 , 1 , 1 , 15734
384 , 384 , 11 , 11 , 16671
416 , 416 , 15 , 15 , 17218
448 , 448 , 15 , 15 , 17754
480 , 480 , 15 , 15 , 18290
512 , 512 , 18 , 18 , 18854
544 , 544 , 32 , 32 , 19874
576 , 576 , 34 , 34 , 20944
608 , 608 , 34 , 34 , 22081
640 , 640 , 41 , 41 , 23049
672 , 672 , 45 , 45 , 23958
704 , 704 , 57 , 57 , 25373
736 , 736 , 62 , 62 , 26733
768 , 768 , 79 , 79 , 27918
800 , 800 , 79 , 79 , 28496
832 , 832 , 84 , 84 , 29252
864 , 864 , 87 , 87 , 30939
896 , 896 , 87 , 87 , 32627
928 , 928 , 101 , 101 , 34146
960 , 960 , 130 , 130 , 35594
992 , 992 , 137 , 137 , 36871
1024 , 1024 , 137 , 137 , 38603
1056 , 1056 , 137 , 137 , 40366
1088 , 1088 , 144 , 144 , 41996
1120 , 1120 , 164 , 164 , 43405
1152 , 1152 , 173 , 173 , 44157
1184 , 1184 , 184 , 184 , 44921
1216 , 1216 , 196 , 196 , 45886
1248 , 1248 , 200 , 200 , 47316
1280 , 1280 , 205 , 205 , 47997
1312 , 1312 , 205 , 205 , 49015
1344 , 1344 , 206 , 206 , 50492
1376 , 1376 , 208 , 208 , 52350
1408 , 1408 , 208 , 208 , 54077
1440 , 1440 , 216 , 216 , 55087
1472 , 1472 , 216 , 216 , 56230
1504 , 1504 , 229 , 229 , 57625
1536 , 1536 , 235 , 235 , 58527
1568 , 1568 , 235 , 235 , 60174
1600 , 1600 , 235 , 235 , 61852
1632 , 1632 , 241 , 241 , 62669
1664 , 1664 , 241 , 241 , 63224
1696 , 1696 , 241 , 241 , 63753
1728 , 1728 , 241 , 241 , 64293
1760 , 1760 , 241 , 241 , 64850
1792 , 1792 , 249 , 249 , 65710
1824 , 1824 , 262 , 262 , 67040
1856 , 1856 , 262 , 262 , 68800
1888 , 1888 , 269 , 269 , 70037
1920 , 1920 , 277 , 277 , 70556
1952 , 1952 , 277 , 277 , 70965
1984 , 1984 , 277 , 277 , 71385
2016 , 2016 , 277 , 277 , 71802
2048 , 2048 , 285 , 285 , 73481
2080 , 2080 , 287 , 287 , 75104
2112 , 2112 , 299 , 299 , 76164
2144 , 2144 , 299 , 299 , 77244
2176 , 2176 , 313 , 313 , 78007
2208 , 2208 , 333 , 333 , 79436
2240 , 2240 , 333 , 333 , 81189
2272 , 2272 , 342 , 342 , 82280
2304 , 2304 , 354 , 354 , 83821
2336 , 2336 , 354 , 354 , 85539
2368 , 2368 , 370 , 370 , 87016
2400 , 2400 , 399 , 399 , 88632
2432 , 2432 , 411 , 411 , 90371
2464 , 2464 , 414 , 414 , 91980
2496 , 2496 , 420 , 420 , 92879
2528 , 2528 , 438 , 438 , 93949
2560 , 2560 , 455 , 455 , 95476
2592 , 2592 , 455 , 455 , 97234
2624 , 2624 , 466 , 466 , 98856
2656 , 2656 , 466 , 466 , 100583
2688 , 2688 , 481 , 481 , 101702
2720 , 2720 , 502 , 502 , 103271
2752 , 2752 , 526 , 526 , 105377
2784 , 2784 , 526 , 526 , 107106
2816 , 2816 , 539 , 539 , 108252
2848 , 2848 , 539 , 539 , 109388
2880 , 2880 , 540 , 540 , 110470
2912 , 2912 , 572 , 572 , 111365
2944 , 2944 , 574 , 574 , 112640
2976 , 2976 , 574 , 574 , 113888
3008 , 3008 , 581 , 581 , 115113
3040 , 3040 , 602 , 602 , 116506
3072 , 3072 , 612 , 612 , 118305
3104 , 3104 , 625 , 625 , 119699
3136 , 3136 , 657 , 657 , 120885
3168 , 3168 , 664 , 664 , 122290
3200 , 3200 , 689 , 689 , 123339
3232 , 3232 , 690 , 690 , 124365
3264 , 3264 , 712 , 712 , 125475
3296 , 3296 , 733 , 733 , 126547
3328 , 3328 , 764 , 764 , 127501
3360 , 3360 , 774 , 774 , 129072
3392 , 3392 , 774 , 774 , 130681
3424 , 3424 , 776 , 776 , 132185
3456 , 3456 , 798 , 798 , 132624
3488 , 3488 , 798 , 798 , 133071
3520 , 3520 , 798 , 798 , 133512
3552 , 3552 , 798 , 798 , 133962
3584 , 3584 , 798 , 798 , 134416
3616 , 3616 , 798 , 798 , 134872
3648 , 3648 , 798 , 798 , 135325
3680 , 3680 , 798 , 798 , 135777
3712 , 3712 , 813 , 813 , 136205
3744 , 3744 , 829 , 829 , 136629
3776 , 3776 , 829 , 829 , 137039
3808 , 3808 , 829 , 829 , 137456
3840 , 3840 , 849 , 849 , 138566
3872 , 3872 , 870 , 870 , 139543
3904 , 3904 , 878 , 878 , 140406
3936 , 3936 , 896 , 896 , 140854
3968 , 3968 , 896 , 896 , 141302
4000 , 4000 , 896 , 896 , 141749
4032 , 4032 , 896 , 896 , 142205
4064 , 4064 , 896 , 896 , 142649
4096 , 4096 , 914 , 914 , 145350
4128 , 4128 , 932 , 932 , 148555
4160 , 4160 , 964 , 964 , 149988
4192 , 4192 , 996 , 996 , 150979
4224 , 4224 , 1010 , 1010 , 151840
4256 , 4256 , 1042 , 1042 , 152923
4288 , 4288 , 1056 , 1056 , 154227
4320 , 4320 , 1072 , 1072 , 155444
4352 , 4352 , 1104 , 1104 , 156565
4384 , 4384 , 1136 , 1136 , 157659
4416 , 4416 , 1164 , 1164 , 158851
4448 , 4448 , 1168 , 1168 , 160005
4480 , 4480 , 1200 , 1200 , 161109
4512 , 4512 , 1232 , 1232 , 163245
4544 , 4544 , 1258 , 1258 , 167048
4576 , 4576 , 1290 , 1290 , 168401
4608 , 4608 , 1322 , 1322 , 169589
4640 , 4640 , 1344 , 1344 , 170615
4672 , 4672 , 1376 , 1376 , 171405
4704 , 4704 , 1408 , 1408 , 173213
4736 , 4736 , 1408 , 1408 , 175021
4768 , 4768 , 1413 , 1413 , 176760
4800 , 4800 , 1445 , 1445 , 178066
4832 , 4832 , 1477 , 1477 , 179418
4864 , 4864 , 1509 , 1509 , 180439
4896 , 4896 , 1510 , 1510 , 181462
4928 , 4928 , 1510 , 1510 , 182508
4960 , 4960 , 1510 , 1510 , 183529
4992 , 4992 , 1517 , 1517 , 184584
5024 , 5024 , 1549 , 1549 , 185585
5056 , 5056 , 1552 , 1552 , 186550
5088 , 5088 , 1552 , 1552 , 187548
5120 , 5120 , 1552 , 1552 , 188557
5152 , 5152 , 1552 , 1552 , 189533
5184 , 5184 , 1561 , 1561 , 190763
5216 , 5216 , 1592 , 1592 , 192770
5248 , 5248 , 1592 , 1592 , 194797
5280 , 5280 , 1592 , 1592 , 196835
5312 , 5312 , 1621 , 1621 , 198414
5344 , 5344 , 1653 , 1653 , 199812
5376 , 5376 , 1683 , 1683 , 201684
5408 , 5408 , 1683 , 1683 , 203522
5440 , 5440 , 1683 , 1683 , 205354
5472 , 5472 , 1714 , 1714 , 206928
5504 , 5504 , 1743 , 1743 , 207888
5536 , 5536 , 1743 , 1743 , 208886
5568 , 5568 , 1743 , 1743 , 209880
5600 , 5600 , 1743 , 1743 , 210904
5632 , 5632 , 1762 , 1762 , 212039
5664 , 5664 , 1790 , 1790 , 213268
5696 , 5696 , 1808 , 1808 , 214501
5728 , 5728 , 1839 , 1839 , 215731
5760 , 5760 , 1862 , 1862 , 216808
5792 , 5792 , 1894 , 1894 , 217968
5824 , 5824 , 1910 , 1910 , 219089
5856 , 5856 , 1939 , 1939 , 220360
5888 , 5888 , 1971 , 1971 , 220841
5920 , 5920 , 2003 , 2003 , 221284
5952 , 5952 , 2012 , 2012 , 221737
5984 , 5984 , 2012 , 2012 , 222190
6016 , 6016 , 2012 , 2012 , 222652
6048 , 6048 , 2012 , 2012 , 223106
6080 , 6080 , 2012 , 2012 , 223567
6112 , 6112 , 2012 , 2012 , 224012
6144 , 6144 , 2012 , 2012 , 224450
6176 , 6176 , 2033 , 2033 , 225261
6208 , 6208 , 2065 , 2065 , 226387
6240 , 6240 , 2085 , 2085 , 227527
6272 , 6272 , 2117 , 2117 , 228744
6304 , 6304 , 2149 , 2149 , 229947
6336 , 6336 , 2181 , 2181 , 231304
6368 , 6368 , 2213 , 2213 , 232751
6400 , 6400 , 2245 , 2245 , 234317
6432 , 6432 , 2251 , 2251 , 235951
6464 , 6464 , 2251 , 2251 , 237504
6496 , 6496 , 2276 , 2276 , 239117
6528 , 6528 , 2308 , 2308 , 240017
6560 , 6560 , 2340 , 2340 , 241172
6592 , 6592 , 2372 , 2372 , 241926
6624 , 6624 , 2404 , 2404 , 243183
6656 , 6656 , 2436 , 2436 , 243880
6688 , 6688 , 2456 , 2456 , 244531
6720 , 6720 , 2486 , 2486 , 246036
6752 , 6752 , 2518 , 2518 , 247513
6784 , 6784 , 2550 , 2550 , 249111
6816 , 6816 , 2571 , 2571 , 250638
6848 , 6848 , 2603 , 2603 , 252348
6880 , 6880 , 2630 , 2630 , 254149
6912 , 6912 , 2630 , 2630 , 255940
6944 , 6944 , 2660 , 2660 , 257245
6976 , 6976 , 2692 , 2692 , 258213
7008 , 7008 , 2724 , 2724 , 258877
7040 , 7040 , 2746 , 2746 , 259653
7072 , 7072 , 2778 , 2778 , 260960
7104 , 7104 , 2810 , 2810 , 262544
7136 , 7136 , 2840 , 2840 , 265526
7168 , 7168 , 2872 , 2872 , 270157
7200 , 7200 , 2904 , 2904 , 271630
7232 , 7232 , 2936 , 2936 , 273052
7264 , 7264 , 2968 , 2968 , 274239
7296 , 7296 , 3000 , 3000 , 275302
7328 , 7328 , 3032 , 3032 , 277115
7360 , 7360 , 3064 , 3064 , 278365
7392 , 7392 , 3096 , 3096 , 279384
7424 , 7424 , 3128 , 3128 , 280606
7456 , 7456 , 3160 , 3160 , 281457
7488 , 7488 , 3192 , 3192 , 282449
7520 , 7520 , 3224 , 3224 , 283540
7552 , 7552 , 3237 , 3237 , 284753
7584 , 7584 , 3269 , 3269 , 286079
7616 , 7616 , 3301 , 3301 , 288059
7648 , 7648 , 3333 , 3333 , 289366
7680 , 7680 , 3365 , 3365 , 290384
7712 , 7712 , 3366 , 3366 , 291384
7744 , 7744 , 3366 , 3366 , 292396
7776 , 7776 , 3366 , 3366 , 293422
7808 , 7808 , 3368 , 3368 , 294360
7840 , 7840 , 3400 , 3400 , 295648
7872 , 7872 , 3432 , 3432 , 297230
7904 , 7904 , 3453 , 3453 , 298825
7936 , 7936 , 3453 , 3453 , 300373
7968 , 7968 , 3468 , 3468 , 301761
8000 , 8000 , 3500 , 3500 , 303115
8032 , 8032 , 3522 , 3522 , 304529
8064 , 8064 , 3554 , 3554 , 305711
