32 , 32 , 0 , 0 , 1074
64 , 64 , 0 , 0 , 2104
96 , 96 , 0 , 0 , 3255
128 , 128 , 0 , 0 , 4658
160 , 160 , 0 , 0 , 6014
192 , 192 , 0 , 0 , 7344
224 , 224 , 0 , 0 , 8610
256 , 256 , 0 , 0 , 9810
288 , 288 , 0 , 0 , 10991
320 , 320 , 0 , 0 , 12161
352 , 352 , 0 , 0 , 13466
384 , 384 , 0 , 0 , 14831
416 , 416 , 4 , 4 , 15897
448 , 448 , 4 , 4 , 16926
480 , 480 , 4 , 4 , 17675
512 , 512 , 8 , 8 , 18993
544 , 544 , 8 , 8 , 20725
576 , 576 , 8 , 8 , 22771
608 , 608 , 8 , 8 , 24789
640 , 640 , 11 , 11 , 26586
672 , 672 , 15 , 15 , 27688
704 , 704 , 17 , 17 , 28384
736 , 736 , 17 , 17 , 28939
768 , 768 , 17 , 17 , 29506
800 , 800 , 21 , 21 , 30189
832 , 832 , 21 , 21 , 31265
864 , 864 , 35 , 35 , 32175
896 , 896 , 42 , 42 , 33918
928 , 928 , 42 , 42 , 35675
960 , 960 , 42 , 42 , 37476
992 , 992 , 49 , 49 , 39039
1024 , 1024 , 58 , 58 , 40215
1056 , 1056 , 73 , 73 , 41813
1088 , 1088 , 73 , 73 , 43497
1120 , 1120 , 79 , 79 , 45051
1152 , 1152 , 81 , 81 , 46240
1184 , 1184 , 97 , 97 , 46706
1216 , 1216 , 97 , 97 , 47158
1248 , 1248 , 118 , 118 , 48520
1280 , 1280 , 137 , 137 , 49893
1312 , 1312 , 137 , 137 , 51326
1344 , 1344 , 169 , 169 , 52610
1376 , 1376 , 171 , 171 , 53060
1408 , 1408 , 171 , 171 , 53509
1440 , 1440 , 171 , 171 , 53954
1472 , 1472 , 171 , 171 , 54398
1504 , 1504 , 171 , 171 , 54868
1536 , 1536 , 171 , 171 , 55332
1568 , 1568 , 171 , 171 , 55787
1600 , 1600 , 171 , 171 , 56227
1632 , 1632 , 196 , 196 , 57351
1664 , 1664 , 206 , 206 , 59038
1696 , 1696 , 206 , 206 , 60751
1728 , 1728 , 220 , 220 , 62386
1760 , 1760 , 220 , 220 , 64057
1792 , 1792 , 220 , 220 , 65639
1824 , 1824 , 247 , 247 , 66743
1856 , 1856 , 269 , 269 , 67922
1888 , 1888 , 301 , 301 , 68698
1920 , 1920 , 333 , 333 , 70139
1952 , 1952 , 365 , 365 , 71767
1984 , 1984 , 397 , 397 , 73003
2016 , 2016 , 429 , 429 , 73886
2048 , 2048 , 461 , 461 , 74763
2080 , 2080 , 493 , 493 , 75857
2112 , 2112 , 512 , 512 , 76993
2144 , 2144 , 512 , 512 , 78097
2176 , 2176 , 531 , 531 , 79201
2208 , 2208 , 555 , 555 , 80554
2240 , 2240 , 587 , 587 , 81409
2272 , 2272 , 615 , 615 , 82502
2304 , 2304 , 622 , 622 , 83654
2336 , 2336 , 654 , 654 , 86610
2368 , 2368 , 665 , 665 , 89229
2400 , 2400 , 697 , 697 , 90539
2432 , 2432 , 727 , 727 , 91815
2464 , 2464 , 733 , 733 , 92843
2496 , 2496 , 753 , 753 , 94479
2528 , 2528 , 780 , 780 , 95210
2560 , 2560 , 803 , 803 , 96024
2592 , 2592 , 835 , 835 , 97119
2624 , 2624 , 867 , 867 , 97742
2656 , 2656 , 899 , 899 , 98976
2688 , 2688 , 931 , 931 , 100203
2720 , 2720 , 961 , 961 , 101048
2752 , 2752 , 987 , 987 , 102032
2784 , 2784 , 988 , 988 , 103009
2816 , 2816 , 988 , 988 , 103969
2848 , 2848 , 988 , 988 , 104930
2880 , 2880 , 988 , 988 , 105854
2912 , 2912 , 988 , 988 , 106826
2944 , 2944 , 1017 , 1017 , 107764
2976 , 2976 , 1049 , 1049 , 109015
3008 , 3008 , 1081 , 1081 , 109835
3040 , 3040 , 1113 , 1113 , 110772
3072 , 3072 , 1145 , 1145 , 111663
3104 , 3104 , 1147 , 1147 , 112763
3136 , 3136 , 1160 , 1160 , 114011
3168 , 3168 , 1170 , 1170 , 115608
3200 , 3200 , 1170 , 1170 , 117240
3232 , 3232 , 1170 , 1170 , 118795
3264 , 3264 , 1193 , 1193 , 120194
3296 , 3296 , 1219 , 1219 , 120772
3328 , 3328 , 1219 , 1219 , 121301
3360 , 3360 , 1219 , 1219 , 121832
3392 , 3392 , 1236 , 1236 , 122323
3424 , 3424 , 1242 , 1242 , 122793
3456 , 3456 , 1242 , 1242 , 123251
3488 , 3488 , 1242 , 1242 , 123722
3520 , 3520 , 1242 , 1242 , 124190
3552 , 3552 , 1242 , 1242 , 124666
3584 , 3584 , 1269 , 1269 , 125215
3616 , 3616 , 1286 , 1286 , 125667
3648 , 3648 , 1286 , 1286 , 126104
3680 , 3680 , 1286 , 1286 , 126549
3712 , 3712 , 1286 , 1286 , 127004
3744 , 3744 , 1286 , 1286 , 127445
3776 , 3776 , 1286 , 1286 , 127910
3808 , 3808 , 1286 , 1286 , 128353
3840 , 3840 , 1286 , 1286 , 128799
3872 , 3872 , 1310 , 1310 , 129850
3904 , 3904 , 1312 , 1312 , 131088
3936 , 3936 , 1312 , 1312 , 132373
3968 , 3968 , 1327 , 1327 , 133833
4000 , 4000 , 1359 , 1359 , 134651
4032 , 4032 , 1385 , 1385 , 135653
4064 , 4064 , 1389 , 1389 , 136643
4096 , 4096 , 1421 , 1421 , 137600
4128 , 4128 , 1453 , 1453 , 139161
4160 , 4160 , 1468 , 1468 , 140496
4192 , 4192 , 1500 , 1500 , 141409
4224 , 4224 , 1532 , 1532 , 142573
4256 , 4256 , 1544 , 1544 , 144400
4288 , 4288 , 1544 , 1544 , 146199
4320 , 4320 , 1562 , 1562 , 147555
4352 , 4352 , 1594 , 1594 , 148515
4384 , 4384 , 1626 , 1626 , 149083
4416 , 4416 , 1657 , 1657 , 149814
4448 , 4448 , 1657 , 1657 , 150542
4480 , 4480 , 1657 , 1657 , 151268
4512 , 4512 , 1664 , 1664 , 151969
4544 , 4544 , 1692 , 1692 , 152382
4576 , 4576 , 1692 , 1692 , 152807
4608 , 4608 , 1692 , 1692 , 153227
4640 , 4640 , 1692 , 1692 , 153653
4672 , 4672 , 1692 , 1692 , 154077
4704 , 4704 , 1692 , 1692 , 154494
4736 , 4736 , 1692 , 1692 , 154914
4768 , 4768 , 1692 , 1692 , 155329
4800 , 4800 , 1709 , 1709 , 156153
4832 , 4832 , 1741 , 1741 , 157198
4864 , 4864 , 1752 , 1752 , 158273
4896 , 4896 , 1752 , 1752 , 159264
4928 , 4928 , 1752 , 1752 , 160262
4960 , 4960 , 1752 , 1752 , 161352
4992 , 4992 , 1776 , 1776 , 162245
5024 , 5024 , 1793 , 1793 , 162902
5056 , 5056 , 1811 , 1811 , 163464
5088 , 5088 , 1843 , 1843 , 164355
5120 , 5120 , 1875 , 1875 , 165455
5152 , 5152 , 1907 , 1907 , 166153
5184 , 5184 , 1939 , 1939 , 172153
5216 , 5216 , 1971 , 1971 , 173820
5248 , 5248 , 1986 , 1986 , 175243
5280 , 5280 , 1986 , 1986 , 176648
5312 , 5312 , 1999 , 1999 , 177911
5344 , 5344 , 2031 , 2031 , 178855
5376 , 5376 , 2063 , 2063 , 180203
5408 , 5408 , 2095 , 2095 , 181491
5440 , 5440 , 2127 , 2127 , 182466
5472 , 5472 , 2159 , 2159 , 183410
5504 , 5504 , 2191 , 2191 , 184300
5536 , 5536 , 2215 , 2215 , 185333
5568 , 5568 , 2247 , 2247 , 186628
5600 , 5600 , 2279 , 2279 , 188387
5632 , 5632 , 2296 , 2296 , 190143
5664 , 5664 , 2325 , 2325 , 191373
5696 , 5696 , 2357 , 2357 , 192759
5728 , 5728 , 2389 , 2389 , 194715
5760 , 5760 , 2421 , 2421 , 196170
5792 , 5792 , 2453 , 2453 , 197766
5824 , 5824 , 2469 , 2469 , 199199
5856 , 5856 , 2501 , 2501 , 200364
5888 , 5888 , 2533 , 2533 , 201528
5920 , 5920 , 2565 , 2565 , 202826
5952 , 5952 , 2597 , 2597 , 204434
5984 , 5984 , 2616 , 2616 , 206174
6016 , 6016 , 2625 , 2625 , 207675
6048 , 6048 , 2657 , 2657 , 208815
6080 , 6080 , 2688 , 2688 , 210202
6112 , 6112 , 2720 , 2720 , 211306
6144 , 6144 , 2752 , 2752 , 212403
6176 , 6176 , 2769 , 2769 , 213552
6208 , 6208 , 2792 , 2792 , 215099
6240 , 6240 , 2817 , 2817 , 216819
6272 , 6272 , 2817 , 2817 , 218585
6304 , 6304 , 2818 , 2818 , 220207
6336 , 6336 , 2850 , 2850 , 220804
6368 , 6368 , 2868 , 2868 , 221404
6400 , 6400 , 2900 , 2900 , 222985
6432 , 6432 , 2932 , 2932 , 224287
6464 , 6464 , 2964 , 2964 , 225937
6496 , 6496 , 2981 , 2981 , 227566
6528 , 6528 , 2987 , 2987 , 228979
6560 , 6560 , 3019 , 3019 , 229645
6592 , 6592 , 3038 , 3038 , 230358
6624 , 6624 , 3070 , 3070 , 231428
6656 , 6656 , 3088 , 3088 , 232584
6688 , 6688 , 3120 , 3120 , 234151
6720 , 6720 , 3152 , 3152 , 234935
6752 , 6752 , 3184 , 3184 , 235998
6784 , 6784 , 3216 , 3216 , 237397
6816 , 6816 , 3248 , 3248 , 238540
6848 , 6848 , 3280 , 3280 , 240026
6880 , 6880 , 3312 , 3312 , 241727
6912 , 6912 , 3344 , 3344 , 243081
6944 , 6944 , 3376 , 3376 , 246230
6976 , 6976 , 3408 , 3408 , 249017
7008 , 7008 , 3440 , 3440 , 249579
7040 , 7040 , 3455 , 3455 , 250144
7072 , 7072 , 3455 , 3455 , 250709
7104 , 7104 , 3483 , 3483 , 251981
7136 , 7136 , 3515 , 3515 , 253236
7168 , 7168 , 3539 , 3539 , 254585
7200 , 7200 , 3571 , 3571 , 256164
7232 , 7232 , 3591 , 3591 , 257739
7264 , 7264 , 3591 , 3591 , 259319
7296 , 7296 , 3623 , 3623 , 260577
7328 , 7328 , 3655 , 3655 , 261844
7360 , 7360 , 3686 , 3686 , 262803
7392 , 7392 , 3718 , 3718 , 263908
7424 , 7424 , 3750 , 3750 , 264954
7456 , 7456 , 3782 , 3782 , 266045
7488 , 7488 , 3814 , 3814 , 267517
7520 , 7520 , 3846 , 3846 , 268689
7552 , 7552 , 3878 , 3878 , 269553
7584 , 7584 , 3910 , 3910 , 270783
7616 , 7616 , 3942 , 3942 , 271994
7648 , 7648 , 3974 , 3974 , 273274
7680 , 7680 , 4006 , 4006 , 274394
7712 , 7712 , 4036 , 4036 , 275478
7744 , 7744 , 4068 , 4068 , 277104
7776 , 7776 , 4100 , 4100 , 278934
7808 , 7808 , 4104 , 4104 , 280743
7840 , 7840 , 4134 , 4134 , 282080
7872 , 7872 , 4166 , 4166 , 283388
7904 , 7904 , 4198 , 4198 , 286216
7936 , 7936 , 4230 , 4230 , 287553
7968 , 7968 , 4262 , 4262 , 288758
8000 , 8000 , 4287 , 4287 , 289964
8032 , 8032 , 4302 , 4302 , 291297
8064 , 8064 , 4334 , 4334 , 292640
8096 , 8096 , 4366 , 4366 , 293948
8128 , 8128 , 4388 , 4388 , 295220
8160 , 8160 , 4388 , 4388 , 296473
8192 , 8192 , 4415 , 4415 , 297273
8224 , 8224 , 4447 , 4447 , 298286
8256 , 8256 , 4479 , 4479 , 299774
8288 , 8288 , 4511 , 4511 , 301506
8320 , 8320 , 4543 , 4543 , 303110
8352 , 8352 , 4575 , 4575 , 304654
8384 , 8384 , 4607 , 4607 , 305315
8416 , 8416 , 4639 , 4639 , 305736
8448 , 8448 , 4656 , 4656 , 306154
8480 , 8480 , 4656 , 4656 , 306578
8512 , 8512 , 4682 , 4682 , 307303
8544 , 8544 , 4714 , 4714 , 308099
8576 , 8576 , 4746 , 4746 , 308619
8608 , 8608 , 4770 , 4770 , 309164
8640 , 8640 , 4770 , 4770 , 309705
8672 , 8672 , 4770 , 4770 , 310246
8704 , 8704 , 4791 , 4791 , 310787
8736 , 8736 , 4823 , 4823 , 312717
8768 , 8768 , 4855 , 4855 , 314784
8800 , 8800 , 4866 , 4866 , 316824
8832 , 8832 , 4884 , 4884 , 317998
8864 , 8864 , 4916 , 4916 , 319454
8896 , 8896 , 4948 , 4948 , 320656
8928 , 8928 , 4980 , 4980 , 321737
8960 , 8960 , 5012 , 5012 , 322742
8992 , 8992 , 5023 , 5023 , 323778
9024 , 9024 , 5023 , 5023 , 324831
9056 , 9056 , 5024 , 5024 , 325877
9088 , 9088 , 5056 , 5056 , 326896
9120 , 9120 , 5088 , 5088 , 327898
9152 , 9152 , 5120 , 5120 , 328437
9184 , 9184 , 5152 , 5152 , 328895
9216 , 9216 , 5184 , 5184 , 330247
9248 , 9248 , 5216 , 5216 , 331857
9280 , 9280 , 5248 , 5248 , 332936
9312 , 9312 , 5280 , 5280 , 333909
9344 , 9344 , 5312 , 5312 , 334991
9376 , 9376 , 5344 , 5344 , 339743
9408 , 9408 , 5376 , 5376 , 341748
9440 , 9440 , 5408 , 5408 , 342626
9472 , 9472 , 5440 , 5440 , 344253
9504 , 9504 , 5472 , 5472 , 345743
9536 , 9536 , 5504 , 5504 , 346741
9568 , 9568 , 5536 , 5536 , 347780
9600 , 9600 , 5551 , 5551 , 348761
9632 , 9632 , 5551 , 5551 , 349775
9664 , 9664 , 5551 , 5551 , 350815
9696 , 9696 , 5565 , 5565 , 351875
