32 , 32 , 0 , 0 , 1040
64 , 64 , 0 , 0 , 2444
96 , 96 , 0 , 0 , 3484
128 , 128 , 0 , 0 , 4479
160 , 160 , 0 , 0 , 5477
192 , 192 , 0 , 0 , 6484
224 , 224 , 0 , 0 , 7520
256 , 256 , 0 , 0 , 8513
288 , 288 , 1 , 1 , 9695
320 , 320 , 1 , 1 , 10801
352 , 352 , 1 , 1 , 11955
384 , 384 , 3 , 3 , 13066
416 , 416 , 3 , 3 , 14099
448 , 448 , 7 , 7 , 15302
480 , 480 , 9 , 9 , 16474
512 , 512 , 9 , 9 , 17561
544 , 544 , 10 , 10 , 18690
576 , 576 , 12 , 12 , 19972
608 , 608 , 12 , 12 , 21280
640 , 640 , 25 , 25 , 22845
672 , 672 , 35 , 35 , 25171
704 , 704 , 41 , 41 , 26127
736 , 736 , 50 , 50 , 27162
768 , 768 , 56 , 56 , 28406
800 , 800 , 69 , 69 , 29421
832 , 832 , 69 , 69 , 31000
864 , 864 , 69 , 69 , 32634
896 , 896 , 69 , 69 , 34188
928 , 928 , 84 , 84 , 35484
960 , 960 , 86 , 86 , 36599
992 , 992 , 106 , 106 , 37567
1024 , 1024 , 121 , 121 , 38996
1056 , 1056 , 136 , 136 , 40402
1088 , 1088 , 153 , 153 , 41538
1120 , 1120 , 166 , 166 , 42734
1152 , 1152 , 166 , 166 , 43892
1184 , 1184 , 177 , 177 , 44558
1216 , 1216 , 177 , 177 , 45028
1248 , 1248 , 177 , 177 , 45507
1280 , 1280 , 177 , 177 , 45985
1312 , 1312 , 177 , 177 , 46456
1344 , 1344 , 177 , 177 , 46924
1376 , 1376 , 177 , 177 , 47391
1408 , 1408 , 177 , 177 , 47860
1440 , 1440 , 180 , 180 , 48385
1472 , 1472 , 208 , 208 , 49531
1504 , 1504 , 212 , 212 , 50648
1536 , 1536 , 230 , 230 , 51980
1568 , 1568 , 255 , 255 , 53104
1600 , 1600 , 270 , 270 , 54448
1632 , 1632 , 270 , 270 , 55894
1664 , 1664 , 270 , 270 , 57325
1696 , 1696 , 270 , 270 , 58701
1728 , 1728 , 302 , 302 , 59850
1760 , 1760 , 306 , 306 , 61452
1792 , 1792 , 306 , 306 , 63079
1824 , 1824 , 306 , 306 , 64671
1856 , 1856 , 325 , 325 , 65143
1888 , 1888 , 329 , 329 , 65682
1920 , 1920 , 354 , 354 , 66842
1952 , 1952 , 385 , 385 , 67779
1984 , 1984 , 385 , 385 , 68742
2016 , 2016 , 385 , 385 , 69709
2048 , 2048 , 385 , 385 , 70737
2080 , 2080 , 385 , 385 , 71773
2112 , 2112 , 385 , 385 , 72778
2144 , 2144 , 385 , 385 , 73758
2176 , 2176 , 385 , 385 , 74717
2208 , 2208 , 387 , 387 , 75688
2240 , 2240 , 419 , 419 , 76762
2272 , 2272 , 449 , 449 , 77593
2304 , 2304 , 449 , 449 , 78721
2336 , 2336 , 471 , 471 , 79981
2368 , 2368 , 500 , 500 , 81640
2400 , 2400 , 500 , 500 , 83372
2432 , 2432 , 511 , 511 , 84657
2464 , 2464 , 540 , 540 , 85756
2496 , 2496 , 566 , 566 , 89322
2528 , 2528 , 595 , 595 , 92992
2560 , 2560 , 624 , 624 , 94179
2592 , 2592 , 650 , 650 , 95254
2624 , 2624 , 650 , 650 , 96414
2656 , 2656 , 650 , 650 , 97535
2688 , 2688 , 673 , 673 , 98383
2720 , 2720 , 689 , 689 , 98994
2752 , 2752 , 703 , 703 , 99894
2784 , 2784 , 735 , 735 , 101031
2816 , 2816 , 765 , 765 , 102370
2848 , 2848 , 765 , 765 , 103681
2880 , 2880 , 765 , 765 , 104994
2912 , 2912 , 791 , 791 , 105916
2944 , 2944 , 823 , 823 , 107162
2976 , 2976 , 855 , 855 , 108464
3008 , 3008 , 887 , 887 , 109756
3040 , 3040 , 910 , 910 , 110385
3072 , 3072 , 917 , 917 , 111089
3104 , 3104 , 949 , 949 , 112190
3136 , 3136 , 981 , 981 , 113304
3168 , 3168 , 1013 , 1013 , 114475
3200 , 3200 , 1039 , 1039 , 115730
3232 , 3232 , 1039 , 1039 , 117013
3264 , 3264 , 1039 , 1039 , 118204
3296 , 3296 , 1059 , 1059 , 119334
3328 , 3328 , 1091 , 1091 , 120447
3360 , 3360 , 1123 , 1123 , 121580
3392 , 3392 , 1150 , 1150 , 122920
3424 , 3424 , 1153 , 1153 , 124314
3456 , 3456 , 1185 , 1185 , 125136
3488 , 3488 , 1204 , 1204 , 125557
3520 , 3520 , 1204 , 1204 , 125970
3552 , 3552 , 1204 , 1204 , 126387
3584 , 3584 , 1227 , 1227 , 127521
3616 , 3616 , 1259 , 1259 , 129245
3648 , 3648 , 1269 , 1269 , 130908
3680 , 3680 , 1301 , 1301 , 132558
3712 , 3712 , 1305 , 1305 , 134263
3744 , 3744 , 1326 , 1326 , 135564
3776 , 3776 , 1358 , 1358 , 136649
3808 , 3808 , 1384 , 1384 , 137453
3840 , 3840 , 1416 , 1416 , 138060
3872 , 3872 , 1448 , 1448 , 139111
3904 , 3904 , 1480 , 1480 , 140323
3936 , 3936 , 1495 , 1495 , 141581
3968 , 3968 , 1495 , 1495 , 142817
4000 , 4000 , 1513 , 1513 , 144071
4032 , 4032 , 1539 , 1539 , 145410
4064 , 4064 , 1539 , 1539 , 146729
4096 , 4096 , 1545 , 1545 , 147920
4128 , 4128 , 1577 , 1577 , 149119
4160 , 4160 , 1609 , 1609 , 150331
4192 , 4192 , 1641 , 1641 , 151499
4224 , 4224 , 1673 , 1673 , 152672
4256 , 4256 , 1705 , 1705 , 154385
4288 , 4288 , 1737 , 1737 , 155418
4320 , 4320 , 1769 , 1769 , 158415
4352 , 4352 , 1801 , 1801 , 161546
4384 , 4384 , 1833 , 1833 , 163087
4416 , 4416 , 1865 , 1865 , 164427
4448 , 4448 , 1897 , 1897 , 165756
4480 , 4480 , 1929 , 1929 , 166681
4512 , 4512 , 1961 , 1961 , 167920
4544 , 4544 , 1993 , 1993 , 169668
4576 , 4576 , 2025 , 2025 , 170407
4608 , 4608 , 2057 , 2057 , 171291
4640 , 4640 , 2089 , 2089 , 172278
4672 , 4672 , 2121 , 2121 , 178135
4704 , 4704 , 2153 , 2153 , 179320
4736 , 4736 , 2185 , 2185 , 180424
4768 , 4768 , 2217 , 2217 , 181083
4800 , 4800 , 2243 , 2243 , 181876
4832 , 4832 , 2275 , 2275 , 182880
4864 , 4864 , 2307 , 2307 , 183402
4896 , 4896 , 2328 , 2328 , 183912
4928 , 4928 , 2328 , 2328 , 184452
4960 , 4960 , 2328 , 2328 , 184967
4992 , 4992 , 2339 , 2339 , 185818
5024 , 5024 , 2371 , 2371 , 186823
5056 , 5056 , 2403 , 2403 , 188483
5088 , 5088 , 2435 , 2435 , 189910
5120 , 5120 , 2467 , 2467 , 191099
5152 , 5152 , 2494 , 2494 , 192499
5184 , 5184 , 2526 , 2526 , 193041
5216 , 5216 , 2558 , 2558 , 193041
5248 , 5248 , 2587 , 2587 , 194490
5280 , 5280 , 2619 , 2619 , 196373
5312 , 5312 , 2625 , 2625 , 198207
5344 , 5344 , 2638 , 2638 , 199405
5376 , 5376 , 2670 , 2670 , 201997
5408 , 5408 , 2702 , 2702 , 204390
5440 , 5440 , 2734 , 2734 , 206189
5472 , 5472 , 2763 , 2763 , 207929
5504 , 5504 , 2773 , 2773 , 209634
5536 , 5536 , 2805 , 2805 , 211251
5568 , 5568 , 2837 , 2837 , 212307
5600 , 5600 , 2869 , 2869 , 212841
5632 , 5632 , 2892 , 2892 , 213379
5664 , 5664 , 2893 , 2893 , 213888
5696 , 5696 , 2925 , 2925 , 215014
5728 , 5728 , 2957 , 2957 , 216589
5760 , 5760 , 2989 , 2989 , 218241
5792 , 5792 , 3021 , 3021 , 219980
5824 , 5824 , 3038 , 3038 , 221763
5856 , 5856 , 3038 , 3038 , 223460
5888 , 5888 , 3070 , 3070 , 224469
5920 , 5920 , 3102 , 3102 , 225718
5952 , 5952 , 3134 , 3134 , 226948
5984 , 5984 , 3165 , 3165 , 227432
6016 , 6016 , 3197 , 3197 , 227855
6048 , 6048 , 3212 , 3212 , 228267
6080 , 6080 , 3212 , 3212 , 228684
6112 , 6112 , 3212 , 3212 , 229098
6144 , 6144 , 3219 , 3219 , 229712
6176 , 6176 , 3251 , 3251 , 230894
6208 , 6208 , 3283 , 3283 , 232036
6240 , 6240 , 3315 , 3315 , 233238
6272 , 6272 , 3347 , 3347 , 234334
6304 , 6304 , 3379 , 3379 , 234761
6336 , 6336 , 3411 , 3411 , 235182
6368 , 6368 , 3419 , 3419 , 235589
6400 , 6400 , 3429 , 3429 , 236103
6432 , 6432 , 3461 , 3461 , 237545
6464 , 6464 , 3493 , 3493 , 239282
6496 , 6496 , 3525 , 3525 , 241052
6528 , 6528 , 3533 , 3533 , 242645
6560 , 6560 , 3565 , 3565 , 243656
6592 , 6592 , 3597 , 3597 , 244705
6624 , 6624 , 3629 , 3629 , 246136
6656 , 6656 , 3661 , 3661 , 247379
6688 , 6688 , 3693 , 3693 , 248482
6720 , 6720 , 3725 , 3725 , 249593
6752 , 6752 , 3757 , 3757 , 251012
6784 , 6784 , 3789 , 3789 , 252099
6816 , 6816 , 3821 , 3821 , 253396
6848 , 6848 , 3853 , 3853 , 255155
6880 , 6880 , 3885 , 3885 , 256525
6912 , 6912 , 3917 , 3917 , 257485
6944 , 6944 , 3949 , 3949 , 258205
6976 , 6976 , 3981 , 3981 , 258783
7008 , 7008 , 4013 , 4013 , 259362
7040 , 7040 , 4027 , 4027 , 259937
7072 , 7072 , 4054 , 4054 , 261660
7104 , 7104 , 4086 , 4086 , 263679
7136 , 7136 , 4118 , 4118 , 265725
7168 , 7168 , 4129 , 4129 , 267522
7200 , 7200 , 4161 , 4161 , 269356
7232 , 7232 , 4193 , 4193 , 270603
7264 , 7264 , 4225 , 4225 , 271962
7296 , 7296 , 4257 , 4257 , 272970
7328 , 7328 , 4289 , 4289 , 274172
7360 , 7360 , 4321 , 4321 , 275392
7392 , 7392 , 4353 , 4353 , 276523
7424 , 7424 , 4385 , 4385 , 277494
7456 , 7456 , 4417 , 4417 , 278519
7488 , 7488 , 4439 , 4439 , 279493
7520 , 7520 , 4439 , 4439 , 280510
7552 , 7552 , 4439 , 4439 , 281566
7584 , 7584 , 4455 , 4455 , 283074
7616 , 7616 , 4487 , 4487 , 284835
7648 , 7648 , 4519 , 4519 , 286021
7680 , 7680 , 4551 , 4551 , 286509
7712 , 7712 , 4583 , 4583 , 286970
7744 , 7744 , 4615 , 4615 , 287428
7776 , 7776 , 4626 , 4626 , 287887
7808 , 7808 , 4652 , 4652 , 289013
7840 , 7840 , 4684 , 4684 , 290154
7872 , 7872 , 4716 , 4716 , 291132
7904 , 7904 , 4748 , 4748 , 292121
7936 , 7936 , 4780 , 4780 , 293597
7968 , 7968 , 4812 , 4812 , 295106
8000 , 8000 , 4844 , 4844 , 296872
8032 , 8032 , 4876 , 4876 , 298689
8064 , 8064 , 4908 , 4908 , 300467
8096 , 8096 , 4940 , 4940 , 301606
8128 , 8128 , 4972 , 4972 , 303469
8160 , 8160 , 5004 , 5004 , 307213
8192 , 8192 , 5036 , 5036 , 308667
8224 , 8224 , 5068 , 5068 , 309319
8256 , 8256 , 5100 , 5100 , 310365
8288 , 8288 , 5132 , 5132 , 312103
8320 , 8320 , 5164 , 5164 , 313522
8352 , 8352 , 5196 , 5196 , 314870
8384 , 8384 , 5228 , 5228 , 316024
8416 , 8416 , 5260 , 5260 , 316985
8448 , 8448 , 5292 , 5292 , 318604
8480 , 8480 , 5324 , 5324 , 319834
8512 , 8512 , 5356 , 5356 , 321067
8544 , 8544 , 5388 , 5388 , 322156
8576 , 8576 , 5420 , 5420 , 323386
8608 , 8608 , 5452 , 5452 , 324588
8640 , 8640 , 5484 , 5484 , 325626
8672 , 8672 , 5516 , 5516 , 327135
8704 , 8704 , 5548 , 5548 , 328442
8736 , 8736 , 5580 , 5580 , 329577
8768 , 8768 , 5612 , 5612 , 330585
8800 , 8800 , 5644 , 5644 , 332210
8832 , 8832 , 5676 , 5676 , 333967
8864 , 8864 , 5708 , 5708 , 335730
8896 , 8896 , 5740 , 5740 , 337080
8928 , 8928 , 5772 , 5772 , 338608
8960 , 8960 , 5804 , 5804 , 339998
8992 , 8992 , 5836 , 5836 , 341586
9024 , 9024 , 5868 , 5868 , 343082
9056 , 9056 , 5900 , 5900 , 344108
9088 , 9088 , 5932 , 5932 , 344539
9120 , 9120 , 5964 , 5964 , 345074
9152 , 9152 , 5996 , 5996 , 345543
9184 , 9184 , 6028 , 6028 , 346009
9216 , 9216 , 6060 , 6060 , 346481
9248 , 9248 , 6062 , 6062 , 346950
9280 , 9280 , 6062 , 6062 , 347422
9312 , 9312 , 6086 , 6086 , 348546
9344 , 9344 , 6118 , 6118 , 349645
9376 , 9376 , 6150 , 6150 , 350173
9408 , 9408 , 6182 , 6182 , 350654
9440 , 9440 , 6214 , 6214 , 351147
9472 , 9472 , 6242 , 6242 , 351639
9504 , 9504 , 6242 , 6242 , 352126
9536 , 9536 , 6269 , 6269 , 352876
9568 , 9568 , 6301 , 6301 , 353814
9600 , 9600 , 6333 , 6333 , 354730
9632 , 9632 , 6365 , 6365 , 355291
9664 , 9664 , 6397 , 6397 , 355870
9696 , 9696 , 6429 , 6429 , 356430
9728 , 9728 , 6461 , 6461 , 357294
9760 , 9760 , 6493 , 6493 , 357817
9792 , 9792 , 6525 , 6525 , 358330
9824 , 9824 , 6557 , 6557 , 358858
9856 , 9856 , 6568 , 6568 , 359391
9888 , 9888 , 6580 , 6580 , 359929
9920 , 9920 , 6612 , 6612 , 360515
9952 , 9952 , 6644 , 6644 , 361022
9984 , 9984 , 6676 , 6676 , 362233
10016 , 10016 , 6708 , 6708 , 365048
10048 , 10048 , 6740 , 6740 , 365789
10080 , 10080 , 6772 , 6772 , 366252
10112 , 10112 , 6804 , 6804 , 367430
10144 , 10144 , 6836 , 6836 , 368589
10176 , 10176 , 6868 , 6868 , 369576
10208 , 10208 , 6900 , 6900 , 370458
10240 , 10240 , 6932 , 6932 , 371503
10272 , 10272 , 6964 , 6964 , 372570
10304 , 10304 , 6996 , 6996 , 374811
10336 , 10336 , 7028 , 7028 , 376440
10368 , 10368 , 7060 , 7060 , 377722
10400 , 10400 , 7092 , 7092 , 379226
10432 , 10432 , 7124 , 7124 , 380226
10464 , 10464 , 7156 , 7156 , 381483
10496 , 10496 , 7188 , 7188 , 382615
10528 , 10528 , 7220 , 7220 , 383837
10560 , 10560 , 7252 , 7252 , 386679
10592 , 10592 , 7284 , 7284 , 390026
10624 , 10624 , 7316 , 7316 , 391076
10656 , 10656 , 7348 , 7348 , 392341
10688 , 10688 , 7380 , 7380 , 393678
10720 , 10720 , 7412 , 7412 , 395034
10752 , 10752 , 7444 , 7444 , 395707
10784 , 10784 , 7476 , 7476 , 396126
10816 , 10816 , 7508 , 7508 , 396544
10848 , 10848 , 7540 , 7540 , 396967
10880 , 10880 , 7555 , 7555 , 397385
10912 , 10912 , 7555 , 7555 , 397810
10944 , 10944 , 7555 , 7555 , 398235
10976 , 10976 , 7555 , 7555 , 398652
11008 , 11008 , 7555 , 7555 , 399066
11040 , 11040 , 7587 , 7587 , 400301
11072 , 11072 , 7619 , 7619 , 401291
11104 , 11104 , 7651 , 7651 , 402247
11136 , 11136 , 7683 , 7683 , 403292
11168 , 11168 , 7715 , 7715 , 404443
11200 , 11200 , 7747 , 7747 , 405717
11232 , 11232 , 7779 , 7779 , 407332
11264 , 11264 , 7811 , 7811 , 408608
11296 , 11296 , 7843 , 7843 , 409685
11328 , 11328 , 7875 , 7875 , 410429
11360 , 11360 , 7907 , 7907 , 411175
11392 , 11392 , 7939 , 7939 , 411954
11424 , 11424 , 7971 , 7971 , 412741
11456 , 11456 , 8003 , 8003 , 414173
11488 , 11488 , 8035 , 8035 , 415217
11520 , 11520 , 8067 , 8067 , 416213
11552 , 11552 , 8099 , 8099 , 417221
11584 , 11584 , 8131 , 8131 , 418262
11616 , 11616 , 8163 , 8163 , 419274
11648 , 11648 , 8175 , 8175 , 420367
11680 , 11680 , 8207 , 8207 , 421572
11712 , 11712 , 8239 , 8239 , 422232
11744 , 11744 , 8271 , 8271 , 422900
11776 , 11776 , 8303 , 8303 , 424062
11808 , 11808 , 8335 , 8335 , 425408
11840 , 11840 , 8367 , 8367 , 426567
11872 , 11872 , 8399 , 8399 , 427646
11904 , 11904 , 8431 , 8431 , 428607
11936 , 11936 , 8463 , 8463 , 429523
11968 , 11968 , 8495 , 8495 , 430543
12000 , 12000 , 8527 , 8527 , 431323
12032 , 12032 , 8559 , 8559 , 432381
12064 , 12064 , 8591 , 8591 , 434080
12096 , 12096 , 8623 , 8623 , 435810
12128 , 12128 , 8655 , 8655 , 437270
12160 , 12160 , 8687 , 8687 , 438284
12192 , 12192 , 8719 , 8719 , 440099
12224 , 12224 , 8751 , 8751 , 441897
12256 , 12256 , 8783 , 8783 , 443608
12288 , 12288 , 8815 , 8815 , 444763
12320 , 12320 , 8847 , 8847 , 445765
12352 , 12352 , 8879 , 8879 , 446924
12384 , 12384 , 8911 , 8911 , 448051
12416 , 12416 , 8943 , 8943 , 449093
12448 , 12448 , 8975 , 8975 , 450083
12480 , 12480 , 9007 , 9007 , 450525
12512 , 12512 , 9039 , 9039 , 450961
12544 , 12544 , 9071 , 9071 , 451406
12576 , 12576 , 9103 , 9103 , 451869
12608 , 12608 , 9119 , 9119 , 452331
12640 , 12640 , 9132 , 9132 , 453851
12672 , 12672 , 9164 , 9164 , 455413
12704 , 12704 , 9196 , 9196 , 457016
12736 , 12736 , 9228 , 9228 , 457828
12768 , 12768 , 9260 , 9260 , 458413
12800 , 12800 , 9292 , 9292 , 459501
12832 , 12832 , 9324 , 9324 , 460500
12864 , 12864 , 9356 , 9356 , 461559
12896 , 12896 , 9388 , 9388 , 462597
12928 , 12928 , 9420 , 9420 , 463680
12960 , 12960 , 9452 , 9452 , 464754
12992 , 12992 , 9479 , 9479 , 466165
13024 , 13024 , 9511 , 9511 , 467643
13056 , 13056 , 9543 , 9543 , 468571
13088 , 13088 , 9575 , 9575 , 470383
13120 , 13120 , 9607 , 9607 , 472204
13152 , 13152 , 9639 , 9639 , 473858
13184 , 13184 , 9671 , 9671 , 475032
13216 , 13216 , 9703 , 9703 , 476478
13248 , 13248 , 9735 , 9735 , 477638
13280 , 13280 , 9767 , 9767 , 478965
13312 , 13312 , 9799 , 9799 , 480325
13344 , 13344 , 9831 , 9831 , 482125
13376 , 13376 , 9863 , 9863 , 483225
13408 , 13408 , 9895 , 9895 , 484592
13440 , 13440 , 9927 , 9927 , 486400
13472 , 13472 , 9959 , 9959 , 487494
13504 , 13504 , 9991 , 9991 , 489074
13536 , 13536 , 10023 , 10023 , 489694
13568 , 13568 , 10055 , 10055 , 490650
13600 , 13600 , 10087 , 10087 , 492004
13632 , 13632 , 10119 , 10119 , 492991
13664 , 13664 , 10151 , 10151 , 494447
13696 , 13696 , 10183 , 10183 , 496124
13728 , 13728 , 10215 , 10215 , 497724
13760 , 13760 , 10247 , 10247 , 499205
13792 , 13792 , 10279 , 10279 , 500847
13824 , 13824 , 10311 , 10311 , 502522
13856 , 13856 , 10343 , 10343 , 503888
13888 , 13888 , 10375 , 10375 , 505538
13920 , 13920 , 10407 , 10407 , 507166
13952 , 13952 , 10439 , 10439 , 508610
13984 , 13984 , 10471 , 10471 , 510012
14016 , 14016 , 10503 , 10503 , 510702
14048 , 14048 , 10535 , 10535 , 511162
14080 , 14080 , 10567 , 10567 , 511632
14112 , 14112 , 10599 , 10599 , 512096
14144 , 14144 , 10631 , 10631 , 512564
14176 , 14176 , 10646 , 10646 , 513018
14208 , 14208 , 10646 , 10646 , 513487
14240 , 14240 , 10646 , 10646 , 513943
14272 , 14272 , 10651 , 10651 , 514551
14304 , 14304 , 10683 , 10683 , 516138
14336 , 14336 , 10715 , 10715 , 517658
14368 , 14368 , 10747 , 10747 , 519273
14400 , 14400 , 10779 , 10779 , 520931
14432 , 14432 , 10811 , 10811 , 522482
14464 , 14464 , 10843 , 10843 , 523973
14496 , 14496 , 10875 , 10875 , 525054
14528 , 14528 , 10907 , 10907 , 525588
14560 , 14560 , 10939 , 10939 , 526140
14592 , 14592 , 10971 , 10971 , 526648
