32 , 32 , 0 , 0 , 1101
64 , 64 , 0 , 0 , 1822
96 , 96 , 0 , 0 , 2244
128 , 128 , 0 , 0 , 2659
160 , 160 , 0 , 0 , 3086
192 , 192 , 0 , 0 , 3787
224 , 224 , 0 , 0 , 5336
256 , 256 , 0 , 0 , 6835
288 , 288 , 0 , 0 , 8410
320 , 320 , 0 , 0 , 10040
352 , 352 , 0 , 0 , 11582
384 , 384 , 0 , 0 , 13035
416 , 416 , 2 , 2 , 14126
448 , 448 , 2 , 2 , 15100
480 , 480 , 2 , 2 , 16078
512 , 512 , 2 , 2 , 17076
544 , 544 , 2 , 2 , 18055
576 , 576 , 5 , 5 , 19039
608 , 608 , 7 , 7 , 20379
640 , 640 , 7 , 7 , 21761
672 , 672 , 26 , 26 , 23180
704 , 704 , 38 , 38 , 24531
736 , 736 , 48 , 48 , 25688
768 , 768 , 60 , 60 , 27310
800 , 800 , 68 , 68 , 29298
832 , 832 , 74 , 74 , 30803
864 , 864 , 78 , 78 , 31776
896 , 896 , 78 , 78 , 32227
928 , 928 , 78 , 78 , 32679
960 , 960 , 78 , 78 , 33141
992 , 992 , 78 , 78 , 33598
1024 , 1024 , 78 , 78 , 34057
1056 , 1056 , 78 , 78 , 34523
1088 , 1088 , 78 , 78 , 34964
1120 , 1120 , 78 , 78 , 35417
1152 , 1152 , 87 , 87 , 36580
1184 , 1184 , 87 , 87 , 37820
1216 , 1216 , 99 , 99 , 38961
1248 , 1248 , 118 , 118 , 39795
1280 , 1280 , 143 , 143 , 40917
1312 , 1312 , 143 , 143 , 41337
1344 , 1344 , 143 , 143 , 41741
1376 , 1376 , 143 , 143 , 42150
1408 , 1408 , 148 , 148 , 42727
1440 , 1440 , 162 , 162 , 43728
1472 , 1472 , 169 , 169 , 44838
1504 , 1504 , 178 , 178 , 45413
1536 , 1536 , 189 , 189 , 46404
1568 , 1568 , 192 , 192 , 47347
1600 , 1600 , 196 , 196 , 48625
1632 , 1632 , 196 , 196 , 49383
1664 , 1664 , 196 , 196 , 50124
1696 , 1696 , 196 , 196 , 50877
1728 , 1728 , 200 , 200 , 51766
1760 , 1760 , 205 , 205 , 52251
1792 , 1792 , 205 , 205 , 52661
1824 , 1824 , 205 , 205 , 53078
1856 , 1856 , 205 , 205 , 53491
1888 , 1888 , 208 , 208 , 54661
1920 , 1920 , 214 , 214 , 55491
1952 , 1952 , 214 , 214 , 55919
1984 , 1984 , 214 , 214 , 56338
2016 , 2016 , 214 , 214 , 56760
2048 , 2048 , 223 , 223 , 57811
2080 , 2080 , 226 , 226 , 59092
2112 , 2112 , 227 , 227 , 60385
2144 , 2144 , 229 , 229 , 61446
2176 , 2176 , 231 , 231 , 62534
2208 , 2208 , 231 , 231 , 63956
2240 , 2240 , 231 , 231 , 64961
2272 , 2272 , 231 , 231 , 65385
2304 , 2304 , 231 , 231 , 65793
2336 , 2336 , 231 , 231 , 66221
2368 , 2368 , 231 , 231 , 66926
2400 , 2400 , 231 , 231 , 68069
2425 , 2425 , 231 , 231 , 68846
2425 , 2425 , 231 , 231 , 68846
2430 , 2430 , 231 , 231 , 69002
2430 , 2430 , 231 , 231 , 69002
2438 , 2438 , 231 , 231 , 69348
2443 , 2443 , 231 , 231 , 69585
2443 , 2443 , 231 , 231 , 69585
2475 , 2475 , 231 , 231 , 71557
2507 , 2507 , 231 , 231 , 73651
2539 , 2539 , 231 , 231 , 75634
2571 , 2571 , 231 , 231 , 77234
2603 , 2603 , 231 , 231 , 78421
2635 , 2635 , 231 , 231 , 79400
2667 , 2667 , 231 , 231 , 80801
2699 , 2699 , 231 , 231 , 82541
2731 , 2731 , 231 , 231 , 83916
2763 , 2763 , 231 , 231 , 85128
2795 , 2795 , 231 , 231 , 86239
2827 , 2827 , 232 , 232 , 87260
2859 , 2859 , 232 , 232 , 88342
2891 , 2891 , 234 , 234 , 89455
2923 , 2923 , 237 , 237 , 90702
2955 , 2955 , 237 , 237 , 91726
2987 , 2987 , 239 , 239 , 93332
3019 , 3019 , 239 , 239 , 95019
3051 , 3051 , 241 , 241 , 96676
3083 , 3083 , 244 , 244 , 98329
3115 , 3115 , 244 , 244 , 103898
3147 , 3147 , 247 , 247 , 105462
3179 , 3179 , 247 , 247 , 107228
3211 , 3211 , 248 , 248 , 108365
3243 , 3243 , 248 , 248 , 109321
3275 , 3275 , 252 , 252 , 110656
3307 , 3307 , 255 , 255 , 111648
3339 , 3339 , 257 , 257 , 112416
3371 , 3371 , 257 , 257 , 113436
3403 , 3403 , 258 , 258 , 114775
3435 , 3435 , 258 , 258 , 116370
3467 , 3467 , 264 , 264 , 117652
3499 , 3499 , 264 , 264 , 118805
3531 , 3531 , 269 , 269 , 119811
3563 , 3563 , 269 , 269 , 120362
3595 , 3595 , 269 , 269 , 120918
3627 , 3627 , 269 , 269 , 121468
3659 , 3659 , 269 , 269 , 122015
3691 , 3691 , 274 , 274 , 122709
3723 , 3723 , 274 , 274 , 123657
3755 , 3755 , 274 , 274 , 124659
3787 , 3787 , 274 , 274 , 125651
3819 , 3819 , 274 , 274 , 126603
3851 , 3851 , 274 , 274 , 127592
3883 , 3883 , 283 , 283 , 129209
3915 , 3915 , 283 , 283 , 131086
3947 , 3947 , 283 , 283 , 132922
3979 , 3979 , 294 , 294 , 134415
4011 , 4011 , 311 , 311 , 135649
4043 , 4043 , 311 , 311 , 136774
4075 , 4075 , 311 , 311 , 137857
4107 , 4107 , 333 , 333 , 138686
4139 , 4139 , 365 , 365 , 139938
4171 , 4171 , 382 , 382 , 140548
4203 , 4203 , 382 , 382 , 140973
4235 , 4235 , 382 , 382 , 141391
4267 , 4267 , 382 , 382 , 141798
4299 , 4299 , 405 , 405 , 142845
4331 , 4331 , 412 , 412 , 144398
4363 , 4363 , 420 , 420 , 145498
4395 , 4395 , 435 , 435 , 146712
4427 , 4427 , 435 , 435 , 148339
4459 , 4459 , 452 , 452 , 149753
4491 , 4491 , 455 , 455 , 151006
4523 , 4523 , 467 , 467 , 157232
4555 , 4555 , 496 , 496 , 158539
4587 , 4587 , 501 , 501 , 159560
4619 , 4619 , 514 , 514 , 160517
4651 , 4651 , 528 , 528 , 161597
4683 , 4683 , 528 , 528 , 162780
4715 , 4715 , 546 , 546 , 163892
4747 , 4747 , 564 , 564 , 165366
4779 , 4779 , 564 , 564 , 166963
4811 , 4811 , 564 , 564 , 168560
4843 , 4843 , 569 , 569 , 170009
4875 , 4875 , 593 , 593 , 173689
4907 , 4907 , 612 , 612 , 175998
4939 , 4939 , 620 , 620 , 177117
4971 , 4971 , 631 , 631 , 178386
5003 , 5003 , 637 , 637 , 179652
5035 , 5035 , 654 , 654 , 180892
5067 , 5067 , 677 , 677 , 181821
5099 , 5099 , 704 , 704 , 183246
5131 , 5131 , 704 , 704 , 184833
5163 , 5163 , 704 , 704 , 186444
5195 , 5195 , 720 , 720 , 187913
5227 , 5227 , 752 , 752 , 188942
5259 , 5259 , 776 , 776 , 190126
5291 , 5291 , 791 , 791 , 191151
5323 , 5323 , 791 , 791 , 192172
5355 , 5355 , 791 , 791 , 193235
5387 , 5387 , 791 , 791 , 194284
5419 , 5419 , 804 , 804 , 195307
5451 , 5451 , 836 , 836 , 196297
5483 , 5483 , 868 , 868 , 197409
5515 , 5515 , 882 , 882 , 197971
5547 , 5547 , 882 , 882 , 198541
5579 , 5579 , 882 , 882 , 199106
5611 , 5611 , 902 , 902 , 199748
5643 , 5643 , 902 , 902 , 200409
5675 , 5675 , 929 , 929 , 201166
5707 , 5707 , 957 , 957 , 204740
5739 , 5739 , 978 , 978 , 206800
5771 , 5771 , 1008 , 1008 , 207489
5803 , 5803 , 1014 , 1014 , 207929
5835 , 5835 , 1014 , 1014 , 208374
5867 , 5867 , 1014 , 1014 , 208829
5899 , 5899 , 1014 , 1014 , 209286
5931 , 5931 , 1014 , 1014 , 209722
5963 , 5963 , 1014 , 1014 , 210181
5995 , 5995 , 1014 , 1014 , 210628
6027 , 6027 , 1014 , 1014 , 211073
6059 , 6059 , 1040 , 1040 , 212088
6091 , 6091 , 1045 , 1045 , 213043
6123 , 6123 , 1077 , 1077 , 213840
6155 , 6155 , 1104 , 1104 , 215152
6187 , 6187 , 1132 , 1132 , 216357
6219 , 6219 , 1155 , 1155 , 217637
6251 , 6251 , 1179 , 1179 , 218678
6283 , 6283 , 1179 , 1179 , 219737
6315 , 6315 , 1179 , 1179 , 220774
6347 , 6347 , 1179 , 1179 , 221806
6379 , 6379 , 1185 , 1185 , 222933
6411 , 6411 , 1217 , 1217 , 224205
6443 , 6443 , 1249 , 1249 , 224902
6475 , 6475 , 1251 , 1251 , 225576
6507 , 6507 , 1277 , 1277 , 227115
6539 , 6539 , 1280 , 1280 , 228934
6571 , 6571 , 1280 , 1280 , 230672
6603 , 6603 , 1309 , 1309 , 231617
6635 , 6635 , 1323 , 1323 , 232410
6667 , 6667 , 1355 , 1355 , 233556
6699 , 6699 , 1374 , 1374 , 235377
6731 , 6731 , 1374 , 1374 , 237237
6763 , 6763 , 1391 , 1391 , 238891
6795 , 6795 , 1423 , 1423 , 240471
6827 , 6827 , 1424 , 1424 , 242068
6859 , 6859 , 1424 , 1424 , 243657
6891 , 6891 , 1451 , 1451 , 244922
6923 , 6923 , 1483 , 1483 , 247727
6955 , 6955 , 1515 , 1515 , 248651
6987 , 6987 , 1547 , 1547 , 250112
7019 , 7019 , 1579 , 1579 , 251427
7051 , 7051 , 1611 , 1611 , 252582
7083 , 7083 , 1641 , 1641 , 253803
