32 , 32 , 0 , 0 , 1107
64 , 64 , 0 , 0 , 2883
96 , 96 , 0 , 0 , 4440
128 , 128 , 0 , 0 , 5536
160 , 160 , 0 , 0 , 8878
192 , 192 , 0 , 0 , 11963
224 , 224 , 0 , 0 , 12553
256 , 256 , 0 , 0 , 13126
288 , 288 , 0 , 0 , 13702
320 , 320 , 0 , 0 , 14328
352 , 352 , 2 , 2 , 15122
384 , 384 , 2 , 2 , 15725
416 , 416 , 4 , 4 , 16561
448 , 448 , 20 , 20 , 17681
480 , 480 , 26 , 26 , 18390
512 , 512 , 26 , 26 , 18919
544 , 544 , 26 , 26 , 19458
576 , 576 , 26 , 26 , 19989
608 , 608 , 37 , 37 , 20785
640 , 640 , 50 , 50 , 21925
672 , 672 , 53 , 53 , 23012
704 , 704 , 57 , 57 , 24038
736 , 736 , 67 , 67 , 24807
768 , 768 , 79 , 79 , 25658
800 , 800 , 89 , 89 , 26999
832 , 832 , 104 , 104 , 28413
864 , 864 , 105 , 105 , 29854
896 , 896 , 125 , 125 , 31005
928 , 928 , 136 , 136 , 31768
960 , 960 , 136 , 136 , 32362
992 , 992 , 146 , 146 , 33848
1024 , 1024 , 146 , 146 , 35570
1056 , 1056 , 156 , 156 , 37210
1088 , 1088 , 174 , 174 , 38400
1120 , 1120 , 178 , 178 , 40055
1152 , 1152 , 178 , 178 , 41690
1184 , 1184 , 189 , 189 , 43234
1216 , 1216 , 221 , 221 , 44560
1248 , 1248 , 243 , 243 , 45742
1280 , 1280 , 249 , 249 , 47482
1312 , 1312 , 249 , 249 , 49212
1344 , 1344 , 249 , 249 , 50933
1376 , 1376 , 277 , 277 , 52057
1408 , 1408 , 282 , 282 , 52798
1440 , 1440 , 282 , 282 , 53535
1472 , 1472 , 282 , 282 , 54253
1504 , 1504 , 294 , 294 , 55278
1536 , 1536 , 318 , 318 , 56568
1568 , 1568 , 337 , 337 , 57252
1600 , 1600 , 344 , 344 , 57672
1632 , 1632 , 344 , 344 , 58094
1664 , 1664 , 344 , 344 , 58516
1696 , 1696 , 344 , 344 , 58934
1728 , 1728 , 344 , 344 , 59350
1760 , 1760 , 344 , 344 , 59774
1792 , 1792 , 344 , 344 , 60199
1824 , 1824 , 344 , 344 , 60612
1856 , 1856 , 358 , 358 , 61002
1888 , 1888 , 380 , 380 , 62219
1920 , 1920 , 412 , 412 , 64924
1952 , 1952 , 421 , 421 , 66693
1984 , 1984 , 430 , 430 , 68013
2016 , 2016 , 438 , 438 , 68427
2048 , 2048 , 438 , 438 , 68840
2080 , 2080 , 438 , 438 , 69258
2112 , 2112 , 438 , 438 , 69688
2144 , 2144 , 438 , 438 , 70108
2176 , 2176 , 438 , 438 , 70537
2208 , 2208 , 438 , 438 , 70953
2240 , 2240 , 438 , 438 , 71369
2272 , 2272 , 460 , 460 , 72110
2304 , 2304 , 492 , 492 , 72838
2336 , 2336 , 517 , 517 , 74245
2368 , 2368 , 532 , 532 , 75916
2400 , 2400 , 532 , 532 , 77676
2432 , 2432 , 553 , 553 , 79115
2464 , 2464 , 573 , 573 , 80861
2496 , 2496 , 573 , 573 , 82556
2528 , 2528 , 605 , 605 , 84054
2560 , 2560 , 637 , 637 , 86035
2592 , 2592 , 669 , 669 , 87288
2624 , 2624 , 698 , 698 , 89394
2656 , 2656 , 698 , 698 , 91140
2688 , 2688 , 724 , 724 , 92371
2720 , 2720 , 756 , 756 , 93466
2752 , 2752 , 782 , 782 , 94987
2784 , 2784 , 786 , 786 , 96638
2816 , 2816 , 787 , 787 , 98274
2848 , 2848 , 810 , 810 , 98811
2880 , 2880 , 810 , 810 , 99363
2912 , 2912 , 810 , 810 , 99898
2944 , 2944 , 810 , 810 , 100428
2976 , 2976 , 815 , 815 , 101073
3008 , 3008 , 832 , 832 , 102253
3040 , 3040 , 832 , 832 , 103429
3072 , 3072 , 843 , 843 , 104733
3104 , 3104 , 856 , 856 , 106400
3136 , 3136 , 856 , 856 , 108056
3168 , 3168 , 873 , 873 , 109126
3200 , 3200 , 887 , 887 , 109576
3232 , 3232 , 887 , 887 , 110037
3264 , 3264 , 887 , 887 , 110486
3296 , 3296 , 887 , 887 , 110944
3328 , 3328 , 887 , 887 , 111402
3360 , 3360 , 911 , 911 , 112439
3392 , 3392 , 943 , 943 , 113668
3424 , 3424 , 975 , 975 , 114817
3456 , 3456 , 1007 , 1007 , 116999
3488 , 3488 , 1039 , 1039 , 118689
3520 , 3520 , 1071 , 1071 , 119177
3552 , 3552 , 1077 , 1077 , 119594
3584 , 3584 , 1077 , 1077 , 120009
3616 , 3616 , 1077 , 1077 , 120439
3648 , 3648 , 1108 , 1108 , 122050
3680 , 3680 , 1128 , 1128 , 123243
3712 , 3712 , 1152 , 1152 , 123816
3744 , 3744 , 1152 , 1152 , 124396
3776 , 3776 , 1152 , 1152 , 124976
3808 , 3808 , 1181 , 1181 , 126639
3840 , 3840 , 1186 , 1186 , 128298
3872 , 3872 , 1218 , 1218 , 129364
3904 , 3904 , 1228 , 1228 , 130452
3936 , 3936 , 1246 , 1246 , 131422
3968 , 3968 , 1278 , 1278 , 132411
4000 , 4000 , 1310 , 1310 , 133684
4032 , 4032 , 1335 , 1335 , 135198
4064 , 4064 , 1364 , 1364 , 135965
4096 , 4096 , 1396 , 1396 , 136971
4128 , 4128 , 1406 , 1406 , 138000
4160 , 4160 , 1438 , 1438 , 139050
4192 , 4192 , 1470 , 1470 , 140457
4224 , 4224 , 1502 , 1502 , 141837
4256 , 4256 , 1534 , 1534 , 142415
4288 , 4288 , 1538 , 1538 , 143020
4320 , 4320 , 1570 , 1570 , 144002
4352 , 4352 , 1602 , 1602 , 144874
4384 , 4384 , 1621 , 1621 , 146077
4416 , 4416 , 1653 , 1653 , 147683
4448 , 4448 , 1669 , 1669 , 149403
4480 , 4480 , 1697 , 1697 , 151040
4512 , 4512 , 1708 , 1708 , 152738
4544 , 4544 , 1721 , 1721 , 154232
4576 , 4576 , 1753 , 1753 , 155328
4608 , 4608 , 1785 , 1785 , 157689
4640 , 4640 , 1817 , 1817 , 158796
4672 , 4672 , 1818 , 1818 , 159928
4704 , 4704 , 1830 , 1830 , 160952
4736 , 4736 , 1862 , 1862 , 161946
4768 , 4768 , 1894 , 1894 , 163212
4800 , 4800 , 1895 , 1895 , 164476
4832 , 4832 , 1897 , 1897 , 165698
4864 , 4864 , 1929 , 1929 , 167019
4896 , 4896 , 1961 , 1961 , 168859
4928 , 4928 , 1970 , 1970 , 170656
4960 , 4960 , 1977 , 1977 , 172267
4992 , 4992 , 2009 , 2009 , 173462
5024 , 5024 , 2041 , 2041 , 174318
5056 , 5056 , 2073 , 2073 , 175410
5088 , 5088 , 2104 , 2104 , 176725
5120 , 5120 , 2115 , 2115 , 178174
5152 , 5152 , 2147 , 2147 , 179687
5184 , 5184 , 2179 , 2179 , 180863
5216 , 5216 , 2211 , 2211 , 181900
5248 , 5248 , 2234 , 2234 , 183005
5280 , 5280 , 2266 , 2266 , 184032
5312 , 5312 , 2298 , 2298 , 185031
5344 , 5344 , 2330 , 2330 , 186123
5376 , 5376 , 2362 , 2362 , 187715
5408 , 5408 , 2366 , 2366 , 189319
5440 , 5440 , 2372 , 2372 , 190674
5472 , 5472 , 2404 , 2404 , 191123
5504 , 5504 , 2419 , 2419 , 191574
5536 , 5536 , 2419 , 2419 , 192009
5568 , 5568 , 2419 , 2419 , 192474
5600 , 5600 , 2419 , 2419 , 192936
5632 , 5632 , 2419 , 2419 , 193396
5664 , 5664 , 2419 , 2419 , 193846
5696 , 5696 , 2419 , 2419 , 194289
5728 , 5728 , 2438 , 2438 , 194719
5760 , 5760 , 2470 , 2470 , 195134
5792 , 5792 , 2479 , 2479 , 195535
5824 , 5824 , 2479 , 2479 , 195938
5856 , 5856 , 2503 , 2503 , 197197
5888 , 5888 , 2535 , 2535 , 198595
5920 , 5920 , 2551 , 2551 , 199930
5952 , 5952 , 2551 , 2551 , 201278
5984 , 5984 , 2581 , 2581 , 202357
6016 , 6016 , 2612 , 2612 , 203347
6048 , 6048 , 2642 , 2642 , 204073
6080 , 6080 , 2674 , 2674 , 204530
6112 , 6112 , 2683 , 2683 , 204991
6144 , 6144 , 2683 , 2683 , 205450
6176 , 6176 , 2683 , 2683 , 205897
6208 , 6208 , 2683 , 2683 , 206361
6240 , 6240 , 2709 , 2709 , 209999
6272 , 6272 , 2741 , 2741 , 212536
6304 , 6304 , 2773 , 2773 , 213893
6336 , 6336 , 2805 , 2805 , 214814
6368 , 6368 , 2837 , 2837 , 215583
6400 , 6400 , 2869 , 2869 , 216786
6432 , 6432 , 2901 , 2901 , 218074
6464 , 6464 , 2931 , 2931 , 219208
6496 , 6496 , 2963 , 2963 , 220331
6528 , 6528 , 2995 , 2995 , 221640
6560 , 6560 , 3027 , 3027 , 222881
6592 , 6592 , 3059 , 3059 , 224049
6624 , 6624 , 3091 , 3091 , 225232
6656 , 6656 , 3123 , 3123 , 225999
6688 , 6688 , 3155 , 3155 , 226609
6720 , 6720 , 3187 , 3187 , 227695
6752 , 6752 , 3219 , 3219 , 228748
6784 , 6784 , 3251 , 3251 , 229968
6816 , 6816 , 3283 , 3283 , 231616
6848 , 6848 , 3315 , 3315 , 233295
6880 , 6880 , 3335 , 3335 , 234567
6912 , 6912 , 3367 , 3367 , 235181
6944 , 6944 , 3399 , 3399 , 238853
6976 , 6976 , 3431 , 3431 , 240910
7008 , 7008 , 3463 , 3463 , 242303
7040 , 7040 , 3495 , 3495 , 243440
7072 , 7072 , 3527 , 3527 , 244437
7104 , 7104 , 3559 , 3559 , 245320
7136 , 7136 , 3591 , 3591 , 246407
7168 , 7168 , 3623 , 3623 , 247343
7200 , 7200 , 3655 , 3655 , 249181
7232 , 7232 , 3687 , 3687 , 250972
7264 , 7264 , 3699 , 3699 , 252699
7296 , 7296 , 3731 , 3731 , 254001
7328 , 7328 , 3763 , 3763 , 255322
7360 , 7360 , 3795 , 3795 , 256086
7392 , 7392 , 3827 , 3827 , 256813
7424 , 7424 , 3859 , 3859 , 257831
7456 , 7456 , 3891 , 3891 , 258833
7488 , 7488 , 3902 , 3902 , 259825
7520 , 7520 , 3902 , 3902 , 260804
7552 , 7552 , 3905 , 3905 , 261878
7584 , 7584 , 3937 , 3937 , 262818
7616 , 7616 , 3969 , 3969 , 263813
7648 , 7648 , 3987 , 3987 , 264806
7680 , 7680 , 3987 , 3987 , 265785
7712 , 7712 , 3987 , 3987 , 266781
7744 , 7744 , 3988 , 3988 , 267776
7776 , 7776 , 4020 , 4020 , 269817
7808 , 7808 , 4052 , 4052 , 271917
7840 , 7840 , 4067 , 4067 , 273924
7872 , 7872 , 4088 , 4088 , 275265
7904 , 7904 , 4120 , 4120 , 275719
7936 , 7936 , 4152 , 4152 , 276664
7968 , 7968 , 4184 , 4184 , 277910
8000 , 8000 , 4216 , 4216 , 279519
8032 , 8032 , 4248 , 4248 , 281408
8064 , 8064 , 4277 , 4277 , 283239
8096 , 8096 , 4285 , 4285 , 284834
8128 , 8128 , 4317 , 4317 , 286041
8160 , 8160 , 4349 , 4349 , 287587
8192 , 8192 , 4381 , 4381 , 288612
8224 , 8224 , 4413 , 4413 , 289635
8256 , 8256 , 4416 , 4416 , 290711
8288 , 8288 , 4416 , 4416 , 291692
8320 , 8320 , 4438 , 4438 , 292859
8352 , 8352 , 4470 , 4470 , 294078
8384 , 8384 , 4502 , 4502 , 295276
8416 , 8416 , 4534 , 4534 , 296458
8448 , 8448 , 4566 , 4566 , 297585
8480 , 8480 , 4598 , 4598 , 298763
8512 , 8512 , 4630 , 4630 , 299878
8544 , 8544 , 4662 , 4662 , 301081
8576 , 8576 , 4694 , 4694 , 301852
8608 , 8608 , 4726 , 4726 , 302306
8640 , 8640 , 4758 , 4758 , 302752
8672 , 8672 , 4787 , 4787 , 303203
8704 , 8704 , 4787 , 4787 , 303651
8736 , 8736 , 4787 , 4787 , 304099
8768 , 8768 , 4787 , 4787 , 304540
8800 , 8800 , 4787 , 4787 , 304996
8832 , 8832 , 4787 , 4787 , 305433
8864 , 8864 , 4797 , 4797 , 306077
8896 , 8896 , 4829 , 4829 , 307163
8928 , 8928 , 4861 , 4861 , 308259
8960 , 8960 , 4893 , 4893 , 309479
8992 , 8992 , 4925 , 4925 , 310756
9024 , 9024 , 4957 , 4957 , 311933
9056 , 9056 , 4989 , 4989 , 313367
9088 , 9088 , 5021 , 5021 , 314910
9120 , 9120 , 5053 , 5053 , 316512
9152 , 9152 , 5084 , 5084 , 318097
9184 , 9184 , 5094 , 5094 , 319552
9216 , 9216 , 5126 , 5126 , 321041
9248 , 9248 , 5158 , 5158 , 322401
9280 , 9280 , 5190 , 5190 , 323740
9312 , 9312 , 5222 , 5222 , 325068
9344 , 9344 , 5244 , 5244 , 326243
9376 , 9376 , 5276 , 5276 , 327524
9408 , 9408 , 5308 , 5308 , 329229
9440 , 9440 , 5340 , 5340 , 330919
9472 , 9472 , 5372 , 5372 , 331804
9504 , 9504 , 5404 , 5404 , 333006
9536 , 9536 , 5436 , 5436 , 333893
9568 , 9568 , 5468 , 5468 , 334649
9600 , 9600 , 5500 , 5500 , 335287
9632 , 9632 , 5532 , 5532 , 336620
9664 , 9664 , 5564 , 5564 , 337945
9696 , 9696 , 5596 , 5596 , 339296
9728 , 9728 , 5613 , 5613 , 340655
9760 , 9760 , 5645 , 5645 , 341837
9792 , 9792 , 5677 , 5677 , 343001
9824 , 9824 , 5709 , 5709 , 344157
9856 , 9856 , 5741 , 5741 , 345547
9888 , 9888 , 5773 , 5773 , 346881
9920 , 9920 , 5804 , 5804 , 348253
9952 , 9952 , 5824 , 5824 , 349600
9984 , 9984 , 5856 , 5856 , 350257
10016 , 10016 , 5888 , 5888 , 351102
10048 , 10048 , 5920 , 5920 , 352553
10080 , 10080 , 5952 , 5952 , 353995
10112 , 10112 , 5984 , 5984 , 355597
10144 , 10144 , 6016 , 6016 , 357175
10176 , 10176 , 6048 , 6048 , 358843
10208 , 10208 , 6080 , 6080 , 360656
10240 , 10240 , 6112 , 6112 , 362425
10272 , 10272 , 6144 , 6144 , 363891
10304 , 10304 , 6176 , 6176 , 365033
10336 , 10336 , 6208 , 6208 , 366049
10368 , 10368 , 6240 , 6240 , 366698
10400 , 10400 , 6272 , 6272 , 367375
10432 , 10432 , 6304 , 6304 , 368450
10464 , 10464 , 6336 , 6336 , 369900
10496 , 10496 , 6368 , 6368 , 371494
10528 , 10528 , 6400 , 6400 , 372935
10560 , 10560 , 6432 , 6432 , 377157
10592 , 10592 , 6464 , 6464 , 380433
10624 , 10624 , 6496 , 6496 , 381894
10656 , 10656 , 6528 , 6528 , 383324
10688 , 10688 , 6560 , 6560 , 384725
10720 , 10720 , 6592 , 6592 , 386128
10752 , 10752 , 6624 , 6624 , 387392
10784 , 10784 , 6656 , 6656 , 388662
10816 , 10816 , 6688 , 6688 , 389380
10848 , 10848 , 6720 , 6720 , 390099
10880 , 10880 , 6752 , 6752 , 390843
10912 , 10912 , 6779 , 6779 , 392321
10944 , 10944 , 6811 , 6811 , 393367
10976 , 10976 , 6843 , 6843 , 394887
11008 , 11008 , 6875 , 6875 , 396325
11040 , 11040 , 6907 , 6907 , 397615
11072 , 11072 , 6939 , 6939 , 398680
11104 , 11104 , 6971 , 6971 , 399791
11136 , 11136 , 7003 , 7003 , 400812
11168 , 11168 , 7035 , 7035 , 401505
11200 , 11200 , 7067 , 7067 , 401975
11232 , 11232 , 7099 , 7099 , 402795
11264 , 11264 , 7131 , 7131 , 403853
11296 , 11296 , 7163 , 7163 , 404923
11328 , 11328 , 7195 , 7195 , 406493
11360 , 11360 , 7227 , 7227 , 407835
11392 , 11392 , 7259 , 7259 , 409550
11424 , 11424 , 7291 , 7291 , 410086
11456 , 11456 , 7323 , 7323 , 410621
11488 , 11488 , 7355 , 7355 , 411151
11520 , 11520 , 7387 , 7387 , 412137
11552 , 11552 , 7419 , 7419 , 413176
11584 , 11584 , 7451 , 7451 , 414157
11616 , 11616 , 7477 , 7477 , 415184
11648 , 11648 , 7477 , 7477 , 416160
11680 , 11680 , 7486 , 7486 , 417069
11712 , 11712 , 7518 , 7518 , 418454
11744 , 11744 , 7550 , 7550 , 420046
11776 , 11776 , 7582 , 7582 , 421681
11808 , 11808 , 7614 , 7614 , 423261
11840 , 11840 , 7646 , 7646 , 424626
11872 , 11872 , 7678 , 7678 , 425980
11904 , 11904 , 7710 , 7710 , 427437
11936 , 11936 , 7742 , 7742 , 428468
11968 , 11968 , 7774 , 7774 , 429500
12000 , 12000 , 7806 , 7806 , 430753
