32 , 32 , 0 , 0 , 1092
64 , 64 , 0 , 0 , 2096
96 , 96 , 0 , 0 , 3257
128 , 128 , 0 , 0 , 4499
160 , 160 , 0 , 0 , 5831
192 , 192 , 0 , 0 , 7206
224 , 224 , 0 , 0 , 8546
256 , 256 , 0 , 0 , 9802
288 , 288 , 0 , 0 , 10975
320 , 320 , 0 , 0 , 12187
352 , 352 , 0 , 0 , 13419
384 , 384 , 1 , 1 , 14698
416 , 416 , 1 , 1 , 16040
448 , 448 , 5 , 5 , 17135
480 , 480 , 8 , 8 , 18169
512 , 512 , 11 , 11 , 19126
544 , 544 , 13 , 13 , 20058
576 , 576 , 17 , 17 , 21539
608 , 608 , 17 , 17 , 23449
640 , 640 , 17 , 17 , 25524
672 , 672 , 17 , 17 , 27534
704 , 704 , 27 , 27 , 29180
736 , 736 , 34 , 34 , 30265
768 , 768 , 43 , 43 , 31353
800 , 800 , 43 , 43 , 31906
832 , 832 , 43 , 43 , 32479
864 , 864 , 43 , 43 , 33045
896 , 896 , 48 , 48 , 33976
928 , 928 , 55 , 55 , 34893
960 , 960 , 76 , 76 , 35752
992 , 992 , 84 , 84 , 37459
1024 , 1024 , 84 , 84 , 39194
1056 , 1056 , 84 , 84 , 40967
1088 , 1088 , 93 , 93 , 42510
1120 , 1120 , 104 , 104 , 43697
1152 , 1152 , 121 , 121 , 45310
1184 , 1184 , 121 , 121 , 46994
1216 , 1216 , 129 , 129 , 48544
1248 , 1248 , 132 , 132 , 49711
1280 , 1280 , 159 , 159 , 50897
1312 , 1312 , 172 , 172 , 51518
1344 , 1344 , 172 , 172 , 51971
1376 , 1376 , 196 , 196 , 53237
1408 , 1408 , 213 , 213 , 54556
1440 , 1440 , 223 , 223 , 56081
1472 , 1472 , 240 , 240 , 57282
1504 , 1504 , 260 , 260 , 58557
1536 , 1536 , 288 , 288 , 59494
1568 , 1568 , 288 , 288 , 59934
1600 , 1600 , 288 , 288 , 60378
1632 , 1632 , 288 , 288 , 60831
1664 , 1664 , 288 , 288 , 61275
1696 , 1696 , 288 , 288 , 61729
1728 , 1728 , 288 , 288 , 62184
1760 , 1760 , 288 , 288 , 62634
1792 , 1792 , 290 , 290 , 63125
1824 , 1824 , 322 , 322 , 64585
1856 , 1856 , 327 , 327 , 66270
1888 , 1888 , 327 , 327 , 67965
1920 , 1920 , 345 , 345 , 69569
1952 , 1952 , 345 , 345 , 71280
1984 , 1984 , 349 , 349 , 72779
2016 , 2016 , 367 , 367 , 73899
2048 , 2048 , 393 , 393 , 75353
2080 , 2080 , 415 , 415 , 75930
2112 , 2112 , 415 , 415 , 76499
2144 , 2144 , 446 , 446 , 77244
2176 , 2176 , 478 , 478 , 78494
2208 , 2208 , 510 , 510 , 79588
2240 , 2240 , 542 , 542 , 80748
2272 , 2272 , 574 , 574 , 82008
2304 , 2304 , 578 , 578 , 83683
2336 , 2336 , 578 , 578 , 85269
2368 , 2368 , 604 , 604 , 85955
2400 , 2400 , 636 , 636 , 87149
2432 , 2432 , 668 , 668 , 88054
2464 , 2464 , 696 , 696 , 88421
2496 , 2496 , 696 , 696 , 88421
2528 , 2528 , 725 , 725 , 89560
2560 , 2560 , 729 , 729 , 90719
2592 , 2592 , 750 , 750 , 91407
2624 , 2624 , 756 , 756 , 91857
2656 , 2656 , 756 , 756 , 92330
2688 , 2688 , 756 , 756 , 92779
2720 , 2720 , 756 , 756 , 93250
2752 , 2752 , 756 , 756 , 93708
2784 , 2784 , 787 , 787 , 94698
2816 , 2816 , 819 , 819 , 95691
2848 , 2848 , 838 , 838 , 97274
2880 , 2880 , 850 , 850 , 98639
2912 , 2912 , 876 , 876 , 99487
2944 , 2944 , 908 , 908 , 100480
2976 , 2976 , 936 , 936 , 101573
3008 , 3008 , 953 , 953 , 102410
3040 , 3040 , 978 , 978 , 103285
3072 , 3072 , 994 , 994 , 104280
3104 , 3104 , 1026 , 1026 , 106271
3136 , 3136 , 1048 , 1048 , 109889
3168 , 3168 , 1080 , 1080 , 110971
3200 , 3200 , 1112 , 1112 , 112079
3232 , 3232 , 1144 , 1144 , 113357
3264 , 3264 , 1176 , 1176 , 114861
3296 , 3296 , 1208 , 1208 , 115661
3328 , 3328 , 1223 , 1223 , 116747
3360 , 3360 , 1254 , 1254 , 117533
3392 , 3392 , 1286 , 1286 , 118493
3424 , 3424 , 1318 , 1318 , 119450
3456 , 3456 , 1350 , 1350 , 120152
3488 , 3488 , 1382 , 1382 , 121317
3520 , 3520 , 1414 , 1414 , 122210
3552 , 3552 , 1446 , 1446 , 123509
3584 , 3584 , 1478 , 1478 , 124274
3616 , 3616 , 1510 , 1510 , 125228
3648 , 3648 , 1542 , 1542 , 126201
3680 , 3680 , 1574 , 1574 , 127571
3712 , 3712 , 1606 , 1606 , 128759
3744 , 3744 , 1638 , 1638 , 130015
3776 , 3776 , 1670 , 1670 , 131230
3808 , 3808 , 1702 , 1702 , 132114
3840 , 3840 , 1734 , 1734 , 133172
3872 , 3872 , 1737 , 1737 , 134292
3904 , 3904 , 1760 , 1760 , 135728
3936 , 3936 , 1771 , 1771 , 137288
3968 , 3968 , 1771 , 1771 , 138926
4000 , 4000 , 1772 , 1772 , 140490
4032 , 4032 , 1804 , 1804 , 141737
4064 , 4064 , 1836 , 1836 , 143269
4096 , 4096 , 1868 , 1868 , 143937
4128 , 4128 , 1881 , 1881 , 144472
4160 , 4160 , 1881 , 1881 , 144993
4192 , 4192 , 1891 , 1891 , 145490
4224 , 4224 , 1917 , 1917 , 145957
4256 , 4256 , 1917 , 1917 , 146413
4288 , 4288 , 1917 , 1917 , 146880
4320 , 4320 , 1917 , 1917 , 147335
4352 , 4352 , 1917 , 1917 , 147815
4384 , 4384 , 1937 , 1937 , 148734
4416 , 4416 , 1969 , 1969 , 150003
4448 , 4448 , 1982 , 1982 , 151149
4480 , 4480 , 2014 , 2014 , 151723
4512 , 4512 , 2033 , 2033 , 152183
4544 , 4544 , 2033 , 2033 , 152643
4576 , 4576 , 2033 , 2033 , 153104
4608 , 4608 , 2033 , 2033 , 153554
4640 , 4640 , 2033 , 2033 , 153996
4672 , 4672 , 2033 , 2033 , 154453
4704 , 4704 , 2033 , 2033 , 154907
4736 , 4736 , 2037 , 2037 , 155452
4768 , 4768 , 2069 , 2069 , 156678
4800 , 4800 , 2073 , 2073 , 157933
4832 , 4832 , 2073 , 2073 , 159158
4864 , 4864 , 2100 , 2100 , 160165
4896 , 4896 , 2132 , 2132 , 161438
4928 , 4928 , 2164 , 2164 , 162938
4960 , 4960 , 2196 , 2196 , 163927
4992 , 4992 , 2209 , 2209 , 164959
5024 , 5024 , 2241 , 2241 , 166621
5056 , 5056 , 2273 , 2273 , 167703
5088 , 5088 , 2304 , 2304 , 169178
5120 , 5120 , 2336 , 2336 , 170552
5152 , 5152 , 2368 , 2368 , 171330
5184 , 5184 , 2400 , 2400 , 173512
5216 , 5216 , 2420 , 2420 , 175327
5248 , 5248 , 2420 , 2420 , 177145
5280 , 5280 , 2447 , 2447 , 178377
5312 , 5312 , 2479 , 2479 , 179135
5344 , 5344 , 2511 , 2511 , 180674
5376 , 5376 , 2543 , 2543 , 181507
5408 , 5408 , 2564 , 2564 , 182251
5440 , 5440 , 2564 , 2564 , 182968
5472 , 5472 , 2566 , 2566 , 183766
5504 , 5504 , 2598 , 2598 , 184514
5536 , 5536 , 2626 , 2626 , 184929
5568 , 5568 , 2626 , 2626 , 185348
5600 , 5600 , 2626 , 2626 , 185766
5632 , 5632 , 2626 , 2626 , 186179
5664 , 5664 , 2626 , 2626 , 186592
5696 , 5696 , 2626 , 2626 , 187009
5728 , 5728 , 2626 , 2626 , 187422
5760 , 5760 , 2629 , 2629 , 187955
5792 , 5792 , 2661 , 2661 , 189048
5824 , 5824 , 2693 , 2693 , 190123
5856 , 5856 , 2703 , 2703 , 191157
5888 , 5888 , 2703 , 2703 , 192195
5920 , 5920 , 2703 , 2703 , 193224
5952 , 5952 , 2713 , 2713 , 194366
5984 , 5984 , 2745 , 2745 , 196275
6016 , 6016 , 2777 , 2777 , 196936
6048 , 6048 , 2798 , 2798 , 197529
6080 , 6080 , 2830 , 2830 , 198305
6112 , 6112 , 2862 , 2862 , 199327
6144 , 6144 , 2894 , 2894 , 200098
6176 , 6176 , 2921 , 2921 , 200839
6208 , 6208 , 2921 , 2921 , 201569
6240 , 6240 , 2922 , 2922 , 202341
6272 , 6272 , 2954 , 2954 , 203291
6304 , 6304 , 2986 , 2986 , 206403
6336 , 6336 , 3018 , 3018 , 210741
6368 , 6368 , 3050 , 3050 , 212336
6400 , 6400 , 3082 , 3082 , 213726
6432 , 6432 , 3113 , 3113 , 215195
6464 , 6464 , 3113 , 3113 , 216599
6496 , 6496 , 3131 , 3131 , 217978
6528 , 6528 , 3163 , 3163 , 219221
6560 , 6560 , 3195 , 3195 , 220584
6592 , 6592 , 3227 , 3227 , 221773
6624 , 6624 , 3259 , 3259 , 222883
6656 , 6656 , 3291 , 3291 , 224273
6688 , 6688 , 3323 , 3323 , 225417
6720 , 6720 , 3355 , 3355 , 226403
6752 , 6752 , 3387 , 3387 , 227402
6784 , 6784 , 3419 , 3419 , 228370
6816 , 6816 , 3451 , 3451 , 229464
6848 , 6848 , 3483 , 3483 , 230334
6880 , 6880 , 3515 , 3515 , 231379
6912 , 6912 , 3547 , 3547 , 232552
6944 , 6944 , 3579 , 3579 , 233805
6976 , 6976 , 3611 , 3611 , 235548
7008 , 7008 , 3643 , 3643 , 237332
7040 , 7040 , 3675 , 3675 , 238607
7072 , 7072 , 3707 , 3707 , 239631
7104 , 7104 , 3739 , 3739 , 240817
7136 , 7136 , 3771 , 3771 , 241782
7168 , 7168 , 3803 , 3803 , 243872
7200 , 7200 , 3835 , 3835 , 245255
7232 , 7232 , 3867 , 3867 , 246733
7264 , 7264 , 3899 , 3899 , 248181
7296 , 7296 , 3931 , 3931 , 249774
7328 , 7328 , 3963 , 3963 , 250831
7360 , 7360 , 3995 , 3995 , 252124
7392 , 7392 , 4027 , 4027 , 253197
7424 , 7424 , 4059 , 4059 , 254643
7456 , 7456 , 4091 , 4091 , 256265
7488 , 7488 , 4123 , 4123 , 257965
7520 , 7520 , 4147 , 4147 , 259251
7552 , 7552 , 4179 , 4179 , 259874
7584 , 7584 , 4211 , 4211 , 260675
7616 , 7616 , 4243 , 4243 , 261988
7648 , 7648 , 4275 , 4275 , 263313
7680 , 7680 , 4307 , 4307 , 264364
7712 , 7712 , 4339 , 4339 , 265611
7744 , 7744 , 4371 , 4371 , 266753
7776 , 7776 , 4403 , 4403 , 267783
7808 , 7808 , 4435 , 4435 , 268797
7840 , 7840 , 4467 , 4467 , 269908
7872 , 7872 , 4499 , 4499 , 271001
7904 , 7904 , 4531 , 4531 , 272171
7936 , 7936 , 4563 , 4563 , 273864
7968 , 7968 , 4595 , 4595 , 275558
8000 , 8000 , 4610 , 4610 , 277252
8032 , 8032 , 4620 , 4620 , 278646
8064 , 8064 , 4652 , 4652 , 279264
8096 , 8096 , 4684 , 4684 , 279994
8128 , 8128 , 4716 , 4716 , 281750
8160 , 8160 , 4748 , 4748 , 282740
8192 , 8192 , 4780 , 4780 , 283344
8224 , 8224 , 4812 , 4812 , 284988
8256 , 8256 , 4844 , 4844 , 286612
8288 , 8288 , 4867 , 4867 , 288194
8320 , 8320 , 4899 , 4899 , 288836
8352 , 8352 , 4931 , 4931 , 289502
8384 , 8384 , 4963 , 4963 , 290514
8416 , 8416 , 4995 , 4995 , 291635
8448 , 8448 , 5027 , 5027 , 292739
8480 , 8480 , 5059 , 5059 , 294280
8512 , 8512 , 5091 , 5091 , 295083
8544 , 8544 , 5123 , 5123 , 296167
8576 , 8576 , 5155 , 5155 , 297499
8608 , 8608 , 5187 , 5187 , 298796
8640 , 8640 , 5219 , 5219 , 300365
8672 , 8672 , 5251 , 5251 , 301886
8704 , 8704 , 5283 , 5283 , 303011
8736 , 8736 , 5315 , 5315 , 304354
8768 , 8768 , 5347 , 5347 , 305854
8800 , 8800 , 5379 , 5379 , 307619
8832 , 8832 , 5411 , 5411 , 309399
8864 , 8864 , 5441 , 5441 , 311110
8896 , 8896 , 5473 , 5473 , 311626
8928 , 8928 , 5505 , 5505 , 312161
8960 , 8960 , 5530 , 5530 , 312688
8992 , 8992 , 5530 , 5530 , 313222
9024 , 9024 , 5535 , 5535 , 313872
9056 , 9056 , 5567 , 5567 , 315492
9088 , 9088 , 5599 , 5599 , 317250
9120 , 9120 , 5631 , 5631 , 321575
9152 , 9152 , 5663 , 5663 , 323154
9184 , 9184 , 5695 , 5695 , 323582
9216 , 9216 , 5727 , 5727 , 324029
9248 , 9248 , 5759 , 5759 , 324592
9280 , 9280 , 5791 , 5791 , 325169
9312 , 9312 , 5816 , 5816 , 325722
9344 , 9344 , 5842 , 5842 , 327410
9376 , 9376 , 5874 , 5874 , 329004
9408 , 9408 , 5906 , 5906 , 330282
9440 , 9440 , 5938 , 5938 , 331620
9472 , 9472 , 5970 , 5970 , 333218
9504 , 9504 , 6002 , 6002 , 334823
9536 , 9536 , 6030 , 6030 , 336399
9568 , 9568 , 6062 , 6062 , 337645
9600 , 9600 , 6094 , 6094 , 338960
9632 , 9632 , 6126 , 6126 , 339919
9664 , 9664 , 6158 , 6158 , 341025
9696 , 9696 , 6190 , 6190 , 342182
9728 , 9728 , 6222 , 6222 , 343504
9760 , 9760 , 6254 , 6254 , 344791
9792 , 9792 , 6286 , 6286 , 345867
9824 , 9824 , 6318 , 6318 , 347223
9856 , 9856 , 6350 , 6350 , 348444
9888 , 9888 , 6382 , 6382 , 348871
9920 , 9920 , 6414 , 6414 , 349300
9952 , 9952 , 6446 , 6446 , 349732
9984 , 9984 , 6463 , 6463 , 350393
10016 , 10016 , 6495 , 6495 , 351300
10048 , 10048 , 6527 , 6527 , 351894
10080 , 10080 , 6559 , 6559 , 352483
10112 , 10112 , 6591 , 6591 , 353700
10144 , 10144 , 6623 , 6623 , 355069
10176 , 10176 , 6655 , 6655 , 356382
10208 , 10208 , 6678 , 6678 , 357637
10240 , 10240 , 6710 , 6710 , 358796
10272 , 10272 , 6742 , 6742 , 360059
10304 , 10304 , 6774 , 6774 , 361202
10336 , 10336 , 6806 , 6806 , 362517
10368 , 10368 , 6838 , 6838 , 363864
10400 , 10400 , 6870 , 6870 , 365202
10432 , 10432 , 6902 , 6902 , 366386
10464 , 10464 , 6934 , 6934 , 367404
10496 , 10496 , 6966 , 6966 , 368409
10528 , 10528 , 6998 , 6998 , 369568
10560 , 10560 , 7030 , 7030 , 370830
10592 , 10592 , 7062 , 7062 , 372011
10624 , 10624 , 7094 , 7094 , 372994
10656 , 10656 , 7126 , 7126 , 373528
10688 , 10688 , 7158 , 7158 , 374059
10720 , 10720 , 7190 , 7190 , 374583
10752 , 10752 , 7222 , 7222 , 375964
10784 , 10784 , 7254 , 7254 , 377774
10816 , 10816 , 7286 , 7286 , 379635
10848 , 10848 , 7318 , 7318 , 381312
10880 , 10880 , 7350 , 7350 , 382485
10912 , 10912 , 7382 , 7382 , 383589
10944 , 10944 , 7414 , 7414 , 384983
10976 , 10976 , 7446 , 7446 , 386324
11008 , 11008 , 7478 , 7478 , 387195
11040 , 11040 , 7510 , 7510 , 387611
11072 , 11072 , 7542 , 7542 , 388037
11104 , 11104 , 7574 , 7574 , 388447
11136 , 11136 , 7579 , 7579 , 388866
11168 , 11168 , 7579 , 7579 , 389286
11200 , 11200 , 7579 , 7579 , 389703
11232 , 11232 , 7579 , 7579 , 390110
11264 , 11264 , 7579 , 7579 , 390532
11296 , 11296 , 7610 , 7610 , 391147
11328 , 11328 , 7642 , 7642 , 391640
11360 , 11360 , 7674 , 7674 , 392135
11392 , 11392 , 7706 , 7706 , 392631
11424 , 11424 , 7709 , 7709 , 393123
11456 , 11456 , 7737 , 7737 , 395768
11488 , 11488 , 7769 , 7769 , 397186
11520 , 11520 , 7801 , 7801 , 398391
11552 , 11552 , 7833 , 7833 , 399530
11584 , 11584 , 7865 , 7865 , 400616
11616 , 11616 , 7897 , 7897 , 402030
11648 , 11648 , 7929 , 7929 , 403279
11680 , 11680 , 7961 , 7961 , 404575
11712 , 11712 , 7993 , 7993 , 405786
11744 , 11744 , 8025 , 8025 , 406746
11776 , 11776 , 8057 , 8057 , 407589
11808 , 11808 , 8089 , 8089 , 409067
11840 , 11840 , 8121 , 8121 , 410541
11872 , 11872 , 8153 , 8153 , 412123
11904 , 11904 , 8185 , 8185 , 413893
11936 , 11936 , 8217 , 8217 , 415358
11968 , 11968 , 8249 , 8249 , 416858
12000 , 12000 , 8281 , 8281 , 417388
12032 , 12032 , 8313 , 8313 , 417813
12064 , 12064 , 8345 , 8345 , 418225
12096 , 12096 , 8377 , 8377 , 418643
12128 , 12128 , 8409 , 8409 , 419321
12160 , 12160 , 8441 , 8441 , 420131
12192 , 12192 , 8473 , 8473 , 420679
12224 , 12224 , 8505 , 8505 , 421220
12256 , 12256 , 8537 , 8537 , 421780
12288 , 12288 , 8564 , 8564 , 422333
12320 , 12320 , 8576 , 8576 , 423195
12352 , 12352 , 8608 , 8608 , 425502
12384 , 12384 , 8640 , 8640 , 427421
12416 , 12416 , 8672 , 8672 , 429549
12448 , 12448 , 8704 , 8704 , 431560
12480 , 12480 , 8736 , 8736 , 433215
12512 , 12512 , 8768 , 8768 , 434136
12544 , 12544 , 8800 , 8800 , 435581
12576 , 12576 , 8832 , 8832 , 436681
12608 , 12608 , 8864 , 8864 , 437800
12640 , 12640 , 8896 , 8896 , 439048
12672 , 12672 , 8928 , 8928 , 440107
12704 , 12704 , 8960 , 8960 , 441141
12736 , 12736 , 8992 , 8992 , 442124
12768 , 12768 , 9024 , 9024 , 443147
12800 , 12800 , 9034 , 9034 , 444196
12832 , 12832 , 9066 , 9066 , 445216
12864 , 12864 , 9098 , 9098 , 446305
12896 , 12896 , 9130 , 9130 , 446924
12928 , 12928 , 9162 , 9162 , 447401
12960 , 12960 , 9194 , 9194 , 448223
12992 , 12992 , 9226 , 9226 , 449704
13024 , 13024 , 9258 , 9258 , 451118
13056 , 13056 , 9290 , 9290 , 452067
13088 , 13088 , 9322 , 9322 , 452995
13120 , 13120 , 9354 , 9354 , 454685
13152 , 13152 , 9386 , 9386 , 459704
13184 , 13184 , 9418 , 9418 , 460597
13216 , 13216 , 9450 , 9450 , 461758
13248 , 13248 , 9482 , 9482 , 463371
13280 , 13280 , 9514 , 9514 , 464675
13312 , 13312 , 9546 , 9546 , 465778
13344 , 13344 , 9578 , 9578 , 466824
13376 , 13376 , 9610 , 9610 , 467821
13408 , 13408 , 9642 , 9642 , 468848
13440 , 13440 , 9674 , 9674 , 469822
13472 , 13472 , 9706 , 9706 , 470851
13504 , 13504 , 9711 , 9711 , 471821
13536 , 13536 , 9734 , 9734 , 472794
