32 , 32 , 0 , 0 , 1534
64 , 64 , 0 , 0 , 3368
96 , 96 , 0 , 0 , 5197
128 , 128 , 0 , 0 , 6700
160 , 160 , 0 , 0 , 7695
192 , 192 , 0 , 0 , 8122
224 , 224 , 0 , 0 , 8540
256 , 256 , 0 , 0 , 8953
288 , 288 , 0 , 0 , 9530
320 , 320 , 1 , 1 , 10824
352 , 352 , 3 , 3 , 11935
384 , 384 , 5 , 5 , 14595
416 , 416 , 8 , 8 , 19382
448 , 448 , 8 , 8 , 19963
480 , 480 , 9 , 9 , 20605
512 , 512 , 13 , 13 , 21946
544 , 544 , 16 , 16 , 23388
576 , 576 , 25 , 25 , 24357
608 , 608 , 25 , 25 , 25954
640 , 640 , 29 , 29 , 27065
672 , 672 , 39 , 39 , 28157
704 , 704 , 54 , 54 , 29128
736 , 736 , 61 , 61 , 29959
768 , 768 , 64 , 64 , 30426
800 , 800 , 64 , 64 , 30876
832 , 832 , 64 , 64 , 31328
864 , 864 , 64 , 64 , 31760
896 , 896 , 64 , 64 , 32219
928 , 928 , 64 , 64 , 32679
960 , 960 , 64 , 64 , 33143
992 , 992 , 64 , 64 , 33574
1024 , 1024 , 66 , 66 , 34243
1056 , 1056 , 71 , 71 , 35887
1088 , 1088 , 71 , 71 , 37584
1120 , 1120 , 87 , 87 , 38906
1152 , 1152 , 107 , 107 , 40337
1184 , 1184 , 116 , 116 , 41813
1216 , 1216 , 118 , 118 , 43499
1248 , 1248 , 118 , 118 , 45260
1280 , 1280 , 118 , 118 , 46996
1312 , 1312 , 125 , 125 , 48648
1344 , 1344 , 125 , 125 , 50369
1376 , 1376 , 136 , 136 , 51968
1408 , 1408 , 145 , 145 , 53176
1440 , 1440 , 145 , 145 , 54395
1472 , 1472 , 154 , 154 , 55693
1504 , 1504 , 155 , 155 , 57542
1536 , 1536 , 155 , 155 , 59350
1568 , 1568 , 165 , 165 , 60816
1600 , 1600 , 165 , 165 , 61916
1632 , 1632 , 180 , 180 , 62926
1664 , 1664 , 180 , 180 , 63988
1696 , 1696 , 192 , 192 , 65474
1728 , 1728 , 192 , 192 , 67299
1760 , 1760 , 192 , 192 , 69110
1792 , 1792 , 210 , 210 , 70264
1824 , 1824 , 223 , 223 , 71414
1856 , 1856 , 240 , 240 , 72898
1888 , 1888 , 240 , 240 , 74680
1920 , 1920 , 240 , 240 , 76492
1952 , 1952 , 260 , 260 , 78250
1984 , 1984 , 260 , 260 , 79963
2016 , 2016 , 285 , 285 , 81453
2048 , 2048 , 285 , 285 , 83292
2080 , 2080 , 285 , 285 , 85109
2112 , 2112 , 307 , 307 , 86376
2144 , 2144 , 315 , 315 , 87385
2176 , 2176 , 347 , 347 , 88877
2208 , 2208 , 377 , 377 , 90190
2240 , 2240 , 409 , 409 , 91708
2272 , 2272 , 437 , 437 , 92704
2304 , 2304 , 469 , 469 , 94321
2336 , 2336 , 472 , 472 , 96106
2368 , 2368 , 472 , 472 , 97936
2400 , 2400 , 496 , 496 , 99451
2432 , 2432 , 527 , 527 , 100852
2464 , 2464 , 559 , 559 , 101859
2496 , 2496 , 591 , 591 , 103326
2528 , 2528 , 603 , 603 , 105007
2560 , 2560 , 603 , 603 , 106733
2592 , 2592 , 633 , 633 , 107828
2624 , 2624 , 656 , 656 , 109647
2656 , 2656 , 656 , 656 , 111462
2688 , 2688 , 662 , 662 , 113273
2720 , 2720 , 685 , 685 , 115278
2752 , 2752 , 685 , 685 , 117356
2784 , 2784 , 685 , 685 , 119367
2816 , 2816 , 711 , 711 , 120473
2848 , 2848 , 743 , 743 , 121588
2880 , 2880 , 763 , 763 , 122732
2912 , 2912 , 768 , 768 , 123941
2944 , 2944 , 800 , 800 , 126169
2976 , 2976 , 832 , 832 , 127582
3008 , 3008 , 841 , 841 , 129160
3040 , 3040 , 869 , 869 , 130009
3072 , 3072 , 880 , 880 , 130663
3104 , 3104 , 900 , 900 , 131859
3136 , 3136 , 932 , 932 , 132476
3168 , 3168 , 936 , 936 , 133014
3200 , 3200 , 936 , 936 , 133539
3232 , 3232 , 951 , 951 , 134220
3264 , 3264 , 971 , 971 , 135117
3296 , 3296 , 1001 , 1001 , 136579
3328 , 3328 , 1033 , 1033 , 138056
3360 , 3360 , 1065 , 1065 , 139391
3392 , 3392 , 1093 , 1093 , 140539
3424 , 3424 , 1120 , 1120 , 141043
3456 , 3456 , 1127 , 1127 , 141452
3488 , 3488 , 1127 , 1127 , 141854
3520 , 3520 , 1127 , 1127 , 142260
3552 , 3552 , 1158 , 1158 , 143226
3584 , 3584 , 1163 , 1163 , 144208
3616 , 3616 , 1195 , 1195 , 145218
3648 , 3648 , 1196 , 1196 , 146221
3680 , 3680 , 1196 , 1196 , 147195
3712 , 3712 , 1196 , 1196 , 148214
3744 , 3744 , 1196 , 1196 , 149202
3776 , 3776 , 1211 , 1211 , 150290
3808 , 3808 , 1243 , 1243 , 150940
3840 , 3840 , 1249 , 1249 , 151650
3872 , 3872 , 1281 , 1281 , 152692
3904 , 3904 , 1313 , 1313 , 153762
3936 , 3936 , 1345 , 1345 , 155259
3968 , 3968 , 1364 , 1364 , 156898
4000 , 4000 , 1364 , 1364 , 158490
4032 , 4032 , 1389 , 1389 , 159504
4064 , 4064 , 1421 , 1421 , 160609
4096 , 4096 , 1430 , 1430 , 161733
4128 , 4128 , 1462 , 1462 , 163155
4160 , 4160 , 1494 , 1494 , 164154
4192 , 4192 , 1501 , 1501 , 165205
4224 , 4224 , 1501 , 1501 , 166235
4256 , 4256 , 1501 , 1501 , 167307
4288 , 4288 , 1504 , 1504 , 168347
4320 , 4320 , 1536 , 1536 , 169202
4352 , 4352 , 1568 , 1568 , 170212
4384 , 4384 , 1584 , 1584 , 171221
4416 , 4416 , 1616 , 1616 , 172215
4448 , 4448 , 1626 , 1626 , 173226
4480 , 4480 , 1656 , 1656 , 174292
4512 , 4512 , 1688 , 1688 , 175610
4544 , 4544 , 1720 , 1720 , 177251
4576 , 4576 , 1733 , 1733 , 178680
4608 , 4608 , 1765 , 1765 , 179748
4640 , 4640 , 1795 , 1795 , 180884
4672 , 4672 , 1827 , 1827 , 183787
4704 , 4704 , 1859 , 1859 , 184986
4736 , 4736 , 1891 , 1891 , 186282
4768 , 4768 , 1923 , 1923 , 187699
4800 , 4800 , 1955 , 1955 , 188466
4832 , 4832 , 1976 , 1976 , 189034
4864 , 4864 , 1976 , 1976 , 189603
4896 , 4896 , 1982 , 1982 , 190290
4928 , 4928 , 2014 , 2014 , 191816
4960 , 4960 , 2046 , 2046 , 192666
4992 , 4992 , 2078 , 2078 , 193578
5024 , 5024 , 2107 , 2107 , 194789
5056 , 5056 , 2116 , 2116 , 196237
5088 , 5088 , 2148 , 2148 , 197722
5120 , 5120 , 2168 , 2168 , 198949
5152 , 5152 , 2168 , 2168 , 200172
5184 , 5184 , 2183 , 2183 , 201372
5216 , 5216 , 2215 , 2215 , 202637
5248 , 5248 , 2223 , 2223 , 203830
5280 , 5280 , 2255 , 2255 , 204724
5312 , 5312 , 2287 , 2287 , 206354
5344 , 5344 , 2319 , 2319 , 207845
5376 , 5376 , 2351 , 2351 , 209083
5408 , 5408 , 2372 , 2372 , 210109
5440 , 5440 , 2400 , 2400 , 211123
5472 , 5472 , 2432 , 2432 , 211806
5504 , 5504 , 2464 , 2464 , 212987
5536 , 5536 , 2496 , 2496 , 214125
5568 , 5568 , 2528 , 2528 , 219737
5600 , 5600 , 2560 , 2560 , 221005
5632 , 5632 , 2592 , 2592 , 221939
5664 , 5664 , 2624 , 2624 , 223119
5696 , 5696 , 2636 , 2636 , 224291
5728 , 5728 , 2642 , 2642 , 225496
5760 , 5760 , 2674 , 2674 , 227008
5792 , 5792 , 2705 , 2705 , 229559
5824 , 5824 , 2737 , 2737 , 232924
5856 , 5856 , 2769 , 2769 , 234716
5888 , 5888 , 2779 , 2779 , 236527
5920 , 5920 , 2788 , 2788 , 238073
5952 , 5952 , 2820 , 2820 , 239282
5984 , 5984 , 2852 , 2852 , 240837
6016 , 6016 , 2884 , 2884 , 241994
6048 , 6048 , 2915 , 2915 , 243013
6080 , 6080 , 2915 , 2915 , 244025
6112 , 6112 , 2915 , 2915 , 245039
6144 , 6144 , 2915 , 2915 , 246080
6176 , 6176 , 2940 , 2940 , 246770
6208 , 6208 , 2970 , 2970 , 247239
6240 , 6240 , 2970 , 2970 , 247695
6272 , 6272 , 2970 , 2970 , 248154
6304 , 6304 , 2970 , 2970 , 248626
6336 , 6336 , 2970 , 2970 , 249096
6368 , 6368 , 2970 , 2970 , 249562
6400 , 6400 , 2970 , 2970 , 250012
6432 , 6432 , 2972 , 2972 , 250511
6464 , 6464 , 3004 , 3004 , 251365
6496 , 6496 , 3036 , 3036 , 252561
6528 , 6528 , 3064 , 3064 , 254138
6560 , 6560 , 3064 , 3064 , 255769
6592 , 6592 , 3064 , 3064 , 257312
6624 , 6624 , 3096 , 3096 , 259082
6656 , 6656 , 3122 , 3122 , 260746
6688 , 6688 , 3154 , 3154 , 261824
6720 , 6720 , 3184 , 3184 , 262803
6752 , 6752 , 3184 , 3184 , 263730
6784 , 6784 , 3184 , 3184 , 264739
6816 , 6816 , 3184 , 3184 , 265712
6848 , 6848 , 3188 , 3188 , 266728
6880 , 6880 , 3220 , 3220 , 267690
6912 , 6912 , 3252 , 3252 , 269453
6944 , 6944 , 3283 , 3283 , 271115
6976 , 6976 , 3315 , 3315 , 271845
7008 , 7008 , 3347 , 3347 , 273033
7040 , 7040 , 3379 , 3379 , 274011
7072 , 7072 , 3411 , 3411 , 274905
7104 , 7104 , 3443 , 3443 , 275991
7136 , 7136 , 3475 , 3475 , 277183
7168 , 7168 , 3499 , 3499 , 278445
7200 , 7200 , 3531 , 3531 , 279893
7232 , 7232 , 3563 , 3563 , 280659
7264 , 7264 , 3594 , 3594 , 281065
7296 , 7296 , 3594 , 3594 , 281493
7328 , 7328 , 3594 , 3594 , 281920
7360 , 7360 , 3594 , 3594 , 282342
7392 , 7392 , 3594 , 3594 , 282766
7424 , 7424 , 3594 , 3594 , 283181
7456 , 7456 , 3594 , 3594 , 283595
7488 , 7488 , 3598 , 3598 , 284166
7520 , 7520 , 3630 , 3630 , 288150
7552 , 7552 , 3662 , 3662 , 289866
7584 , 7584 , 3694 , 3694 , 291377
7616 , 7616 , 3726 , 3726 , 292639
7648 , 7648 , 3758 , 3758 , 293993
7680 , 7680 , 3786 , 3786 , 295581
7712 , 7712 , 3818 , 3818 , 297668
7744 , 7744 , 3838 , 3838 , 299683
7776 , 7776 , 3839 , 3839 , 301602
7808 , 7808 , 3871 , 3871 , 302857
7840 , 7840 , 3903 , 3903 , 304107
7872 , 7872 , 3935 , 3935 , 305793
7904 , 7904 , 3967 , 3967 , 307537
7936 , 7936 , 3972 , 3972 , 309316
7968 , 7968 , 3989 , 3989 , 310640
8000 , 8000 , 4021 , 4021 , 312385
8032 , 8032 , 4053 , 4053 , 313541
8064 , 8064 , 4085 , 4085 , 314090
8096 , 8096 , 4112 , 4112 , 314636
8128 , 8128 , 4112 , 4112 , 315169
8160 , 8160 , 4112 , 4112 , 315732
