32 , 32 , 0 , 0 , 1516
64 , 64 , 0 , 0 , 2697
96 , 96 , 0 , 0 , 3711
128 , 128 , 0 , 0 , 4701
160 , 160 , 0 , 0 , 5768
192 , 192 , 0 , 0 , 6802
224 , 224 , 0 , 0 , 7898
256 , 256 , 0 , 0 , 9594
288 , 288 , 0 , 0 , 11285
320 , 320 , 0 , 0 , 12331
352 , 352 , 0 , 0 , 13378
384 , 384 , 0 , 0 , 14493
416 , 416 , 0 , 0 , 15594
448 , 448 , 0 , 0 , 17075
480 , 480 , 0 , 0 , 18928
512 , 512 , 0 , 0 , 20772
544 , 544 , 15 , 15 , 22190
576 , 576 , 15 , 15 , 23449
608 , 608 , 20 , 20 , 24523
640 , 640 , 27 , 27 , 25906
672 , 672 , 27 , 27 , 27516
704 , 704 , 27 , 27 , 29124
736 , 736 , 41 , 41 , 30304
768 , 768 , 57 , 57 , 31699
800 , 800 , 57 , 57 , 33540
832 , 832 , 57 , 57 , 35339
864 , 864 , 70 , 70 , 36331
896 , 896 , 70 , 70 , 36859
928 , 928 , 70 , 70 , 37386
960 , 960 , 76 , 76 , 38088
992 , 992 , 91 , 91 , 39679
1024 , 1024 , 119 , 119 , 41062
1056 , 1056 , 149 , 149 , 42433
1088 , 1088 , 163 , 163 , 43770
1120 , 1120 , 193 , 193 , 44889
1152 , 1152 , 200 , 200 , 46448
1184 , 1184 , 213 , 213 , 47530
1216 , 1216 , 230 , 230 , 48696
1248 , 1248 , 243 , 243 , 49343
1280 , 1280 , 243 , 243 , 49998
1312 , 1312 , 275 , 275 , 51281
1344 , 1344 , 294 , 294 , 52029
1376 , 1376 , 294 , 294 , 52782
1408 , 1408 , 294 , 294 , 53536
1440 , 1440 , 296 , 296 , 54308
1472 , 1472 , 326 , 326 , 55723
1504 , 1504 , 358 , 358 , 57215
1536 , 1536 , 379 , 379 , 58065
1568 , 1568 , 388 , 388 , 59847
1600 , 1600 , 408 , 408 , 65465
1632 , 1632 , 428 , 428 , 65878
1664 , 1664 , 428 , 428 , 66292
1696 , 1696 , 428 , 428 , 66704
1728 , 1728 , 433 , 433 , 67277
1760 , 1760 , 460 , 460 , 68700
1792 , 1792 , 485 , 485 , 70081
1824 , 1824 , 501 , 501 , 71685
1856 , 1856 , 512 , 512 , 72877
1888 , 1888 , 526 , 526 , 73448
1920 , 1920 , 526 , 526 , 74024
1952 , 1952 , 526 , 526 , 74580
1984 , 1984 , 556 , 556 , 75630
2016 , 2016 , 578 , 578 , 76711
2048 , 2048 , 578 , 578 , 77870
2080 , 2080 , 603 , 603 , 79122
2112 , 2112 , 626 , 626 , 79858
2144 , 2144 , 645 , 645 , 80799
2176 , 2176 , 677 , 677 , 81453
2208 , 2208 , 678 , 678 , 81907
2240 , 2240 , 703 , 703 , 82786
2272 , 2272 , 735 , 735 , 83973
2304 , 2304 , 763 , 763 , 85061
2336 , 2336 , 795 , 795 , 85670
2368 , 2368 , 827 , 827 , 86641
2400 , 2400 , 848 , 848 , 87112
2432 , 2432 , 848 , 848 , 87587
2464 , 2464 , 848 , 848 , 88063
2496 , 2496 , 848 , 848 , 88538
2528 , 2528 , 848 , 848 , 88996
2560 , 2560 , 860 , 860 , 89647
2592 , 2592 , 892 , 892 , 91040
2624 , 2624 , 924 , 924 , 92618
2656 , 2656 , 956 , 956 , 93855
2688 , 2688 , 988 , 988 , 94888
2720 , 2720 , 1020 , 1020 , 96196
2752 , 2752 , 1052 , 1052 , 97699
2784 , 2784 , 1074 , 1074 , 99337
2816 , 2816 , 1077 , 1077 , 101152
2848 , 2848 , 1077 , 1077 , 102934
2880 , 2880 , 1102 , 1102 , 104065
2912 , 2912 , 1108 , 1108 , 105095
2944 , 2944 , 1108 , 1108 , 106106
2976 , 2976 , 1108 , 1108 , 107146
3008 , 3008 , 1108 , 1108 , 108155
3040 , 3040 , 1137 , 1137 , 109593
3072 , 3072 , 1148 , 1148 , 111196
3104 , 3104 , 1172 , 1172 , 112300
3136 , 3136 , 1183 , 1183 , 113306
3168 , 3168 , 1183 , 1183 , 114330
3200 , 3200 , 1183 , 1183 , 115372
3232 , 3232 , 1183 , 1183 , 116400
3264 , 3264 , 1211 , 1211 , 117997
3296 , 3296 , 1219 , 1219 , 119688
3328 , 3328 , 1232 , 1232 , 121280
3360 , 3360 , 1264 , 1264 , 122677
3392 , 3392 , 1294 , 1294 , 123984
3424 , 3424 , 1326 , 1326 , 125357
3456 , 3456 , 1358 , 1358 , 126368
3488 , 3488 , 1386 , 1386 , 127402
3520 , 3520 , 1418 , 1418 , 127871
3552 , 3552 , 1421 , 1421 , 128350
3584 , 3584 , 1421 , 1421 , 128829
3616 , 3616 , 1421 , 1421 , 129287
3648 , 3648 , 1421 , 1421 , 129752
3680 , 3680 , 1421 , 1421 , 130208
3712 , 3712 , 1421 , 1421 , 130672
3744 , 3744 , 1421 , 1421 , 131131
3776 , 3776 , 1438 , 1438 , 132055
3808 , 3808 , 1461 , 1461 , 133400
3840 , 3840 , 1461 , 1461 , 134719
3872 , 3872 , 1469 , 1469 , 135990
3904 , 3904 , 1501 , 1501 , 137318
3936 , 3936 , 1533 , 1533 , 138167
3968 , 3968 , 1560 , 1560 , 139094
4000 , 4000 , 1592 , 1592 , 140172
4032 , 4032 , 1619 , 1619 , 141282
4064 , 4064 , 1641 , 1641 , 142448
4096 , 4096 , 1663 , 1663 , 144729
4128 , 4128 , 1695 , 1695 , 148595
4160 , 4160 , 1727 , 1727 , 149599
4192 , 4192 , 1748 , 1748 , 150628
4224 , 4224 , 1780 , 1780 , 151781
4256 , 4256 , 1789 , 1789 , 153002
4288 , 4288 , 1803 , 1803 , 154086
4320 , 4320 , 1835 , 1835 , 155116
4352 , 4352 , 1867 , 1867 , 156034
4384 , 4384 , 1899 , 1899 , 157139
4416 , 4416 , 1931 , 1931 , 158242
4448 , 4448 , 1946 , 1946 , 159290
4480 , 4480 , 1978 , 1978 , 160553
4512 , 4512 , 2010 , 2010 , 162030
4544 , 4544 , 2042 , 2042 , 164466
4576 , 4576 , 2074 , 2074 , 165474
4608 , 4608 , 2081 , 2081 , 166438
4640 , 4640 , 2081 , 2081 , 167395
4672 , 4672 , 2081 , 2081 , 168362
4704 , 4704 , 2081 , 2081 , 169331
4736 , 4736 , 2102 , 2102 , 170100
4768 , 4768 , 2134 , 2134 , 170642
4800 , 4800 , 2140 , 2140 , 171189
4832 , 4832 , 2140 , 2140 , 171759
4864 , 4864 , 2140 , 2140 , 172300
4896 , 4896 , 2160 , 2160 , 173165
4928 , 4928 , 2192 , 2192 , 174273
4960 , 4960 , 2215 , 2215 , 175420
4992 , 4992 , 2236 , 2236 , 177202
5024 , 5024 , 2268 , 2268 , 177773
5056 , 5056 , 2289 , 2289 , 178365
5088 , 5088 , 2321 , 2321 , 179265
5120 , 5120 , 2353 , 2353 , 180577
5152 , 5152 , 2374 , 2374 , 181953
5184 , 5184 , 2374 , 2374 , 183308
5216 , 5216 , 2400 , 2400 , 184816
5248 , 5248 , 2432 , 2432 , 186423
5280 , 5280 , 2453 , 2453 , 188103
5312 , 5312 , 2473 , 2473 , 189058
5344 , 5344 , 2505 , 2505 , 189589
5376 , 5376 , 2507 , 2507 , 190123
5408 , 5408 , 2514 , 2514 , 190900
5440 , 5440 , 2546 , 2546 , 192604
5472 , 5472 , 2564 , 2564 , 194376
5504 , 5504 , 2564 , 2564 , 196127
5536 , 5536 , 2594 , 2594 , 197129
5568 , 5568 , 2626 , 2626 , 198502
5600 , 5600 , 2658 , 2658 , 199885
5632 , 5632 , 2690 , 2690 , 201566
5664 , 5664 , 2702 , 2702 , 203156
5696 , 5696 , 2729 , 2729 , 204148
5728 , 5728 , 2761 , 2761 , 205433
5760 , 5760 , 2781 , 2781 , 206689
5792 , 5792 , 2781 , 2781 , 207888
5824 , 5824 , 2802 , 2802 , 209309
5856 , 5856 , 2834 , 2834 , 210843
5888 , 5888 , 2866 , 2866 , 212371
5920 , 5920 , 2898 , 2898 , 213748
5952 , 5952 , 2930 , 2930 , 215087
5984 , 5984 , 2959 , 2959 , 216438
6016 , 6016 , 2959 , 2959 , 217780
6048 , 6048 , 2975 , 2975 , 218647
6080 , 6080 , 3007 , 3007 , 219092
6112 , 6112 , 3025 , 3025 , 219537
6144 , 6144 , 3025 , 3025 , 219989
6176 , 6176 , 3025 , 3025 , 220456
6208 , 6208 , 3025 , 3025 , 220906
6240 , 6240 , 3025 , 3025 , 221371
6272 , 6272 , 3025 , 3025 , 221813
6304 , 6304 , 3025 , 3025 , 222275
6336 , 6336 , 3054 , 3054 , 223269
6368 , 6368 , 3086 , 3086 , 225476
6400 , 6400 , 3118 , 3118 , 226520
6432 , 6432 , 3150 , 3150 , 228103
6464 , 6464 , 3182 , 3182 , 229684
6496 , 6496 , 3184 , 3184 , 231262
6528 , 6528 , 3199 , 3199 , 232719
6560 , 6560 , 3231 , 3231 , 233861
6592 , 6592 , 3263 , 3263 , 235270
6624 , 6624 , 3295 , 3295 , 236476
6656 , 6656 , 3327 , 3327 , 237660
6688 , 6688 , 3359 , 3359 , 238608
6720 , 6720 , 3391 , 3391 , 239351
6752 , 6752 , 3423 , 3423 , 239961
6784 , 6784 , 3455 , 3455 , 241147
6816 , 6816 , 3487 , 3487 , 242561
6848 , 6848 , 3519 , 3519 , 243617
6880 , 6880 , 3551 , 3551 , 244820
6912 , 6912 , 3583 , 3583 , 246507
6944 , 6944 , 3615 , 3615 , 248214
6976 , 6976 , 3644 , 3644 , 249537
7008 , 7008 , 3676 , 3676 , 251064
7040 , 7040 , 3708 , 3708 , 251820
7072 , 7072 , 3740 , 3740 , 252270
7104 , 7104 , 3772 , 3772 , 252931
7136 , 7136 , 3804 , 3804 , 253538
7168 , 7168 , 3836 , 3836 , 254545
7200 , 7200 , 3868 , 3868 , 255963
7232 , 7232 , 3900 , 3900 , 257402
7264 , 7264 , 3902 , 3902 , 258783
7296 , 7296 , 3933 , 3933 , 260015
7328 , 7328 , 3965 , 3965 , 261178
7360 , 7360 , 3997 , 3997 , 263630
7392 , 7392 , 4029 , 4029 , 264654
7424 , 7424 , 4061 , 4061 , 265822
7456 , 7456 , 4093 , 4093 , 266861
7488 , 7488 , 4125 , 4125 , 267675
7520 , 7520 , 4157 , 4157 , 268234
7552 , 7552 , 4189 , 4189 , 268801
7584 , 7584 , 4193 , 4193 , 269360
7616 , 7616 , 4224 , 4224 , 270478
7648 , 7648 , 4256 , 4256 , 271747
7680 , 7680 , 4288 , 4288 , 273090
7712 , 7712 , 4320 , 4320 , 274382
7744 , 7744 , 4352 , 4352 , 275573
7776 , 7776 , 4384 , 4384 , 276362
7808 , 7808 , 4416 , 4416 , 277514
7840 , 7840 , 4448 , 4448 , 278813
7872 , 7872 , 4480 , 4480 , 279699
7904 , 7904 , 4512 , 4512 , 280355
7936 , 7936 , 4544 , 4544 , 280844
7968 , 7968 , 4576 , 4576 , 281266
8000 , 8000 , 4597 , 4597 , 281682
8032 , 8032 , 4597 , 4597 , 282104
8064 , 8064 , 4597 , 4597 , 282530
8096 , 8096 , 4597 , 4597 , 282953
8128 , 8128 , 4597 , 4597 , 283370
8160 , 8160 , 4597 , 4597 , 283789
8192 , 8192 , 4607 , 4607 , 284506
8224 , 8224 , 4639 , 4639 , 285232
8256 , 8256 , 4671 , 4671 , 285811
8288 , 8288 , 4703 , 4703 , 286785
8320 , 8320 , 4735 , 4735 , 288004
8352 , 8352 , 4767 , 4767 , 289358
8384 , 8384 , 4799 , 4799 , 290959
8416 , 8416 , 4831 , 4831 , 292579
8448 , 8448 , 4841 , 4841 , 294156
8480 , 8480 , 4859 , 4859 , 295068
8512 , 8512 , 4891 , 4891 , 295497
8544 , 8544 , 4923 , 4923 , 295921
8576 , 8576 , 4927 , 4927 , 296347
8608 , 8608 , 4950 , 4950 , 298474
8640 , 8640 , 4982 , 4982 , 300070
8672 , 8672 , 5014 , 5014 , 301611
8704 , 8704 , 5046 , 5046 , 303173
8736 , 8736 , 5078 , 5078 , 304053
8768 , 8768 , 5110 , 5110 , 304851
8800 , 8800 , 5142 , 5142 , 305504
8832 , 8832 , 5174 , 5174 , 306328
8864 , 8864 , 5206 , 5206 , 307427
8896 , 8896 , 5238 , 5238 , 308585
8928 , 8928 , 5270 , 5270 , 309745
8960 , 8960 , 5302 , 5302 , 310576
8992 , 8992 , 5334 , 5334 , 311494
9024 , 9024 , 5366 , 5366 , 312825
9056 , 9056 , 5398 , 5398 , 314102
9088 , 9088 , 5430 , 5430 , 315441
9120 , 9120 , 5462 , 5462 , 316638
9152 , 9152 , 5494 , 5494 , 317626
9184 , 9184 , 5526 , 5526 , 318782
9216 , 9216 , 5558 , 5558 , 319968
9248 , 9248 , 5590 , 5590 , 321447
9280 , 9280 , 5622 , 5622 , 323163
9312 , 9312 , 5654 , 5654 , 324675
9344 , 9344 , 5686 , 5686 , 326668
9376 , 9376 , 5718 , 5718 , 328745
9408 , 9408 , 5743 , 5743 , 330731
9440 , 9440 , 5766 , 5766 , 332336
9472 , 9472 , 5798 , 5798 , 333990
9504 , 9504 , 5830 , 5830 , 335651
9536 , 9536 , 5862 , 5862 , 337016
9568 , 9568 , 5894 , 5894 , 338276
9600 , 9600 , 5926 , 5926 , 338876
9632 , 9632 , 5958 , 5958 , 339353
9664 , 9664 , 5990 , 5990 , 339811
9696 , 9696 , 5998 , 5998 , 340275
9728 , 9728 , 5998 , 5998 , 340740
9760 , 9760 , 6002 , 6002 , 341352
9792 , 9792 , 6034 , 6034 , 342580
9824 , 9824 , 6066 , 6066 , 343925
9856 , 9856 , 6098 , 6098 , 344904
9888 , 9888 , 6130 , 6130 , 345933
9920 , 9920 , 6162 , 6162 , 346865
9952 , 9952 , 6162 , 6162 , 347833
9984 , 9984 , 6162 , 6162 , 348797
10016 , 10016 , 6179 , 6179 , 351438
10048 , 10048 , 6211 , 6211 , 354569
10080 , 10080 , 6243 , 6243 , 355769
10112 , 10112 , 6275 , 6275 , 356918
10144 , 10144 , 6307 , 6307 , 358218
10176 , 10176 , 6339 , 6339 , 359101
10208 , 10208 , 6371 , 6371 , 359652
10240 , 10240 , 6403 , 6403 , 360200
10272 , 10272 , 6435 , 6435 , 360733
10304 , 10304 , 6436 , 6436 , 361276
10336 , 10336 , 6446 , 6446 , 361934
10368 , 10368 , 6478 , 6478 , 362907
10400 , 10400 , 6510 , 6510 , 364141
10432 , 10432 , 6542 , 6542 , 364892
10464 , 10464 , 6574 , 6574 , 365871
10496 , 10496 , 6606 , 6606 , 366865
10528 , 10528 , 6638 , 6638 , 367940
10560 , 10560 , 6670 , 6670 , 369079
10592 , 10592 , 6702 , 6702 , 370088
10624 , 10624 , 6734 , 6734 , 371258
10656 , 10656 , 6766 , 6766 , 372726
10688 , 10688 , 6798 , 6798 , 374260
10720 , 10720 , 6830 , 6830 , 376250
10752 , 10752 , 6862 , 6862 , 377209
10784 , 10784 , 6894 , 6894 , 378342
10816 , 10816 , 6926 , 6926 , 379377
10848 , 10848 , 6958 , 6958 , 380405
10880 , 10880 , 6990 , 6990 , 381422
10912 , 10912 , 7010 , 7010 , 382453
10944 , 10944 , 7010 , 7010 , 383517
10976 , 10976 , 7039 , 7039 , 384706
11008 , 11008 , 7071 , 7071 , 385908
11040 , 11040 , 7103 , 7103 , 387089
11072 , 11072 , 7135 , 7135 , 387949
11104 , 11104 , 7167 , 7167 , 389485
11136 , 11136 , 7199 , 7199 , 391574
11168 , 11168 , 7231 , 7231 , 393580
11200 , 11200 , 7263 , 7263 , 395517
11232 , 11232 , 7295 , 7295 , 396438
11264 , 11264 , 7327 , 7327 , 397549
11296 , 11296 , 7359 , 7359 , 398553
11328 , 11328 , 7391 , 7391 , 399507
11360 , 11360 , 7423 , 7423 , 400698
11392 , 11392 , 7455 , 7455 , 401812
11424 , 11424 , 7487 , 7487 , 402943
11456 , 11456 , 7519 , 7519 , 404661
11488 , 11488 , 7551 , 7551 , 406357
11520 , 11520 , 7583 , 7583 , 407655
11552 , 11552 , 7615 , 7615 , 408871
11584 , 11584 , 7647 , 7647 , 410331
11616 , 11616 , 7679 , 7679 , 411935
11648 , 11648 , 7711 , 7711 , 413171
11680 , 11680 , 7743 , 7743 , 417269
11712 , 11712 , 7775 , 7775 , 419530
11744 , 11744 , 7807 , 7807 , 421383
11776 , 11776 , 7839 , 7839 , 422713
11808 , 11808 , 7871 , 7871 , 424147
11840 , 11840 , 7903 , 7903 , 425586
11872 , 11872 , 7935 , 7935 , 426988
11904 , 11904 , 7967 , 7967 , 428209
