32 , 32 , 0 , 0 , 1104
64 , 64 , 0 , 0 , 1809
96 , 96 , 0 , 0 , 2222
128 , 128 , 0 , 0 , 2629
160 , 160 , 0 , 0 , 3053
192 , 192 , 0 , 0 , 3719
224 , 224 , 0 , 0 , 5236
256 , 256 , 0 , 0 , 6694
288 , 288 , 0 , 0 , 8286
320 , 320 , 0 , 0 , 9900
352 , 352 , 0 , 0 , 11442
384 , 384 , 0 , 0 , 12956
416 , 416 , 1 , 1 , 14012
448 , 448 , 1 , 1 , 14995
480 , 480 , 1 , 1 , 15935
512 , 512 , 1 , 1 , 16929
544 , 544 , 1 , 1 , 17891
576 , 576 , 4 , 4 , 18837
608 , 608 , 6 , 6 , 20144
640 , 640 , 6 , 6 , 21516
672 , 672 , 26 , 26 , 22786
704 , 704 , 33 , 33 , 24432
736 , 736 , 33 , 33 , 26115
768 , 768 , 33 , 33 , 27755
800 , 800 , 49 , 49 , 28979
832 , 832 , 73 , 73 , 30121
864 , 864 , 90 , 90 , 31387
896 , 896 , 113 , 113 , 32992
928 , 928 , 119 , 119 , 34646
960 , 960 , 119 , 119 , 36012
992 , 992 , 119 , 119 , 37354
1024 , 1024 , 127 , 127 , 39017
1056 , 1056 , 150 , 150 , 39987
1088 , 1088 , 163 , 163 , 41576
1120 , 1120 , 177 , 177 , 42655
1152 , 1152 , 181 , 181 , 43095
1184 , 1184 , 181 , 181 , 43556
1216 , 1216 , 181 , 181 , 44006
1248 , 1248 , 181 , 181 , 44449
1280 , 1280 , 181 , 181 , 44911
1312 , 1312 , 181 , 181 , 45367
1344 , 1344 , 181 , 181 , 45816
1376 , 1376 , 181 , 181 , 46261
1408 , 1408 , 200 , 200 , 47342
1440 , 1440 , 205 , 205 , 49118
1472 , 1472 , 216 , 216 , 50555
1504 , 1504 , 216 , 216 , 51777
1536 , 1536 , 229 , 229 , 53099
1568 , 1568 , 261 , 261 , 53988
1600 , 1600 , 293 , 293 , 54966
1632 , 1632 , 299 , 299 , 56050
1664 , 1664 , 308 , 308 , 57212
1696 , 1696 , 340 , 340 , 58504
1728 , 1728 , 366 , 366 , 59691
1760 , 1760 , 380 , 380 , 60288
1792 , 1792 , 380 , 380 , 60707
1824 , 1824 , 380 , 380 , 61126
1856 , 1856 , 380 , 380 , 61545
1888 , 1888 , 397 , 397 , 62235
1920 , 1920 , 409 , 409 , 63073
1952 , 1952 , 437 , 437 , 63545
1984 , 1984 , 437 , 437 , 64011
2016 , 2016 , 461 , 461 , 65088
2048 , 2048 , 470 , 470 , 66283
2080 , 2080 , 473 , 473 , 67487
2112 , 2112 , 495 , 495 , 68186
2144 , 2144 , 495 , 495 , 68749
2176 , 2176 , 495 , 495 , 69319
2208 , 2208 , 507 , 507 , 69834
2240 , 2240 , 539 , 539 , 70972
2272 , 2272 , 571 , 571 , 72014
2304 , 2304 , 594 , 594 , 72846
2336 , 2336 , 614 , 614 , 74079
2368 , 2368 , 638 , 638 , 74671
2400 , 2400 , 665 , 665 , 75342
2432 , 2432 , 692 , 692 , 75873
2464 , 2464 , 692 , 692 , 76287
2496 , 2496 , 692 , 692 , 76709
2528 , 2528 , 692 , 692 , 77109
2560 , 2560 , 717 , 717 , 77917
2592 , 2592 , 724 , 724 , 78506
2624 , 2624 , 732 , 732 , 79287
2656 , 2656 , 761 , 761 , 80336
2688 , 2688 , 793 , 793 , 81285
2720 , 2720 , 798 , 798 , 82627
2752 , 2752 , 828 , 828 , 83763
2784 , 2784 , 845 , 845 , 84939
2816 , 2816 , 865 , 865 , 86096
2848 , 2848 , 879 , 879 , 86506
2880 , 2880 , 879 , 879 , 86927
2912 , 2912 , 879 , 879 , 87354
2944 , 2944 , 885 , 885 , 87955
2976 , 2976 , 898 , 898 , 89488
3008 , 3008 , 929 , 929 , 90181
3040 , 3040 , 958 , 958 , 91786
3072 , 3072 , 958 , 958 , 93458
3104 , 3104 , 962 , 962 , 95133
3136 , 3136 , 989 , 989 , 96462
3168 , 3168 , 989 , 989 , 97797
3200 , 3200 , 989 , 989 , 99167
3232 , 3232 , 991 , 991 , 100562
3264 , 3264 , 1021 , 1021 , 101940
3296 , 3296 , 1048 , 1048 , 102860
3328 , 3328 , 1080 , 1080 , 104209
3360 , 3360 , 1100 , 1100 , 105427
3392 , 3392 , 1121 , 1121 , 106646
3424 , 3424 , 1139 , 1139 , 107795
3456 , 3456 , 1167 , 1167 , 108755
3488 , 3488 , 1199 , 1199 , 109867
3520 , 3520 , 1231 , 1231 , 111154
3552 , 3552 , 1245 , 1245 , 112484
3584 , 3584 , 1245 , 1245 , 113827
3616 , 3616 , 1245 , 1245 , 115146
3648 , 3648 , 1265 , 1265 , 116923
3680 , 3680 , 1265 , 1265 , 118953
3712 , 3712 , 1265 , 1265 , 120972
3744 , 3744 , 1276 , 1276 , 122686
3776 , 3776 , 1305 , 1305 , 124070
3808 , 3808 , 1321 , 1321 , 125042
3840 , 3840 , 1330 , 1330 , 126241
3872 , 3872 , 1342 , 1342 , 128017
3904 , 3904 , 1355 , 1355 , 129449
3936 , 3936 , 1387 , 1387 , 130756
3968 , 3968 , 1388 , 1388 , 132109
4000 , 4000 , 1403 , 1403 , 133300
4032 , 4032 , 1435 , 1435 , 134600
4064 , 4064 , 1445 , 1445 , 135665
4096 , 4096 , 1475 , 1475 , 136669
4128 , 4128 , 1495 , 1495 , 137722
4160 , 4160 , 1495 , 1495 , 138783
4192 , 4192 , 1525 , 1525 , 139864
4224 , 4224 , 1557 , 1557 , 141072
4256 , 4256 , 1589 , 1589 , 141942
4288 , 4288 , 1621 , 1621 , 143546
4320 , 4320 , 1634 , 1634 , 145222
4352 , 4352 , 1634 , 1634 , 146958
4384 , 4384 , 1666 , 1666 , 148240
4416 , 4416 , 1686 , 1686 , 149720
4448 , 4448 , 1710 , 1710 , 151371
4480 , 4480 , 1742 , 1742 , 152839
4512 , 4512 , 1772 , 1772 , 158698
4544 , 4544 , 1804 , 1804 , 159820
4576 , 4576 , 1836 , 1836 , 161026
4608 , 4608 , 1866 , 1866 , 162774
4640 , 4640 , 1872 , 1872 , 164242
4672 , 4672 , 1904 , 1904 , 165130
4704 , 4704 , 1917 , 1917 , 166124
4736 , 4736 , 1949 , 1949 , 167416
4768 , 4768 , 1967 , 1967 , 168405
4800 , 4800 , 1999 , 1999 , 169196
4832 , 4832 , 2015 , 2015 , 170203
4864 , 4864 , 2035 , 2035 , 170827
4896 , 4896 , 2046 , 2046 , 171250
4928 , 4928 , 2046 , 2046 , 171664
4960 , 4960 , 2046 , 2046 , 172082
4992 , 4992 , 2046 , 2046 , 172504
5024 , 5024 , 2046 , 2046 , 172925
5056 , 5056 , 2046 , 2046 , 173345
5088 , 5088 , 2046 , 2046 , 173757
5120 , 5120 , 2047 , 2047 , 174200
5152 , 5152 , 2078 , 2078 , 175815
5184 , 5184 , 2082 , 2082 , 177407
5216 , 5216 , 2114 , 2114 , 178699
5248 , 5248 , 2126 , 2126 , 179870
5280 , 5280 , 2141 , 2141 , 180746
5312 , 5312 , 2162 , 2162 , 181291
5344 , 5344 , 2162 , 2162 , 181840
5376 , 5376 , 2162 , 2162 , 182394
5408 , 5408 , 2162 , 2162 , 182944
5440 , 5440 , 2181 , 2181 , 183783
5472 , 5472 , 2198 , 2198 , 184738
5504 , 5504 , 2198 , 2198 , 185710
5536 , 5536 , 2198 , 2198 , 186645
5568 , 5568 , 2198 , 2198 , 187636
5600 , 5600 , 2198 , 2198 , 188649
5632 , 5632 , 2227 , 2227 , 190379
5664 , 5664 , 2238 , 2238 , 192288
5696 , 5696 , 2238 , 2238 , 194154
5728 , 5728 , 2255 , 2255 , 195599
5760 , 5760 , 2287 , 2287 , 196899
5792 , 5792 , 2319 , 2319 , 198000
5824 , 5824 , 2333 , 2333 , 199087
5856 , 5856 , 2334 , 2334 , 200199
5888 , 5888 , 2366 , 2366 , 201087
5920 , 5920 , 2398 , 2398 , 202170
5952 , 5952 , 2423 , 2423 , 204200
5984 , 5984 , 2455 , 2455 , 206196
6016 , 6016 , 2487 , 2487 , 206817
6048 , 6048 , 2507 , 2507 , 207269
6080 , 6080 , 2507 , 2507 , 207710
6112 , 6112 , 2507 , 2507 , 208172
6144 , 6144 , 2507 , 2507 , 208622
6176 , 6176 , 2508 , 2508 , 209073
6208 , 6208 , 2540 , 2540 , 209905
6240 , 6240 , 2572 , 2572 , 210448
6272 , 6272 , 2594 , 2594 , 210868
6304 , 6304 , 2594 , 2594 , 211289
6336 , 6336 , 2594 , 2594 , 211690
6368 , 6368 , 2622 , 2622 , 212915
6400 , 6400 , 2654 , 2654 , 213452
6432 , 6432 , 2661 , 2661 , 213974
6464 , 6464 , 2661 , 2661 , 214496
6496 , 6496 , 2661 , 2661 , 215026
6528 , 6528 , 2670 , 2670 , 215662
6560 , 6560 , 2702 , 2702 , 217178
6592 , 6592 , 2733 , 2733 , 218300
6624 , 6624 , 2765 , 2765 , 219487
6656 , 6656 , 2797 , 2797 , 221064
6688 , 6688 , 2814 , 2814 , 222557
6720 , 6720 , 2846 , 2846 , 223654
6752 , 6752 , 2878 , 2878 , 229583
6784 , 6784 , 2910 , 2910 , 231583
6816 , 6816 , 2942 , 2942 , 232676
6848 , 6848 , 2968 , 2968 , 233635
6880 , 6880 , 2999 , 2999 , 234699
6912 , 6912 , 3031 , 3031 , 235922
6944 , 6944 , 3056 , 3056 , 237054
6976 , 6976 , 3081 , 3081 , 238105
7008 , 7008 , 3113 , 3113 , 239476
7040 , 7040 , 3145 , 3145 , 241059
7072 , 7072 , 3145 , 3145 , 242682
7104 , 7104 , 3145 , 3145 , 244241
7136 , 7136 , 3174 , 3174 , 245378
7168 , 7168 , 3206 , 3206 , 248927
7200 , 7200 , 3238 , 3238 , 251427
7232 , 7232 , 3270 , 3270 , 252584
7264 , 7264 , 3302 , 3302 , 253812
7296 , 7296 , 3326 , 3326 , 255018
7328 , 7328 , 3358 , 3358 , 256211
7360 , 7360 , 3390 , 3390 , 256996
7392 , 7392 , 3422 , 3422 , 257607
7424 , 7424 , 3447 , 3447 , 258407
7456 , 7456 , 3479 , 3479 , 259793
7488 , 7488 , 3511 , 3511 , 261382
7520 , 7520 , 3516 , 3516 , 262982
7552 , 7552 , 3529 , 3529 , 264513
7584 , 7584 , 3561 , 3561 , 265278
7616 , 7616 , 3593 , 3593 , 266507
7648 , 7648 , 3625 , 3625 , 267825
7680 , 7680 , 3657 , 3657 , 268779
7712 , 7712 , 3689 , 3689 , 269821
7744 , 7744 , 3699 , 3699 , 270823
7776 , 7776 , 3699 , 3699 , 271845
7808 , 7808 , 3699 , 3699 , 272859
7840 , 7840 , 3725 , 3725 , 273906
7872 , 7872 , 3757 , 3757 , 274913
7904 , 7904 , 3789 , 3789 , 276081
7936 , 7936 , 3821 , 3821 , 277348
7968 , 7968 , 3853 , 3853 , 278075
8000 , 8000 , 3885 , 3885 , 278643
8032 , 8032 , 3891 , 3891 , 279211
8064 , 8064 , 3903 , 3903 , 280018
8096 , 8096 , 3935 , 3935 , 280709
8128 , 8128 , 3967 , 3967 , 281371
8160 , 8160 , 3994 , 3994 , 282793
8192 , 8192 , 4026 , 4026 , 284007
8224 , 8224 , 4058 , 4058 , 285973
8256 , 8256 , 4090 , 4090 , 289506
8288 , 8288 , 4122 , 4122 , 290461
8320 , 8320 , 4154 , 4154 , 291212
8352 , 8352 , 4164 , 4164 , 291971
8384 , 8384 , 4164 , 4164 , 292700
8416 , 8416 , 4193 , 4193 , 293881
8448 , 8448 , 4225 , 4225 , 294405
8480 , 8480 , 4257 , 4257 , 294855
8512 , 8512 , 4267 , 4267 , 295305
8544 , 8544 , 4267 , 4267 , 295752
8576 , 8576 , 4267 , 4267 , 296204
8608 , 8608 , 4267 , 4267 , 296666
8640 , 8640 , 4267 , 4267 , 297126
8672 , 8672 , 4267 , 4267 , 297568
8704 , 8704 , 4275 , 4275 , 298166
8736 , 8736 , 4307 , 4307 , 299170
8768 , 8768 , 4339 , 4339 , 300020
8800 , 8800 , 4371 , 4371 , 300945
8832 , 8832 , 4403 , 4403 , 302287
8864 , 8864 , 4435 , 4435 , 303457
8896 , 8896 , 4467 , 4467 , 304844
8928 , 8928 , 4499 , 4499 , 305902
8960 , 8960 , 4531 , 4531 , 306892
8992 , 8992 , 4543 , 4543 , 307897
9024 , 9024 , 4543 , 4543 , 308912
9056 , 9056 , 4543 , 4543 , 309948
9088 , 9088 , 4574 , 4574 , 311262
9120 , 9120 , 4606 , 4606 , 311786
9152 , 9152 , 4638 , 4638 , 312322
9184 , 9184 , 4645 , 4645 , 312844
9216 , 9216 , 4668 , 4668 , 313784
9248 , 9248 , 4700 , 4700 , 315423
9280 , 9280 , 4732 , 4732 , 317120
9312 , 9312 , 4761 , 4761 , 318013
9344 , 9344 , 4793 , 4793 , 318671
9376 , 9376 , 4825 , 4825 , 320100
9408 , 9408 , 4857 , 4857 , 321904
9440 , 9440 , 4879 , 4879 , 323694
9472 , 9472 , 4905 , 4905 , 324704
9504 , 9504 , 4937 , 4937 , 325537
9536 , 9536 , 4969 , 4969 , 326605
9568 , 9568 , 5001 , 5001 , 328442
9600 , 9600 , 5033 , 5033 , 330265
9632 , 9632 , 5052 , 5052 , 331904
9664 , 9664 , 5084 , 5084 , 333462
9696 , 9696 , 5116 , 5116 , 335078
9728 , 9728 , 5140 , 5140 , 336709
9760 , 9760 , 5159 , 5159 , 338209
9792 , 9792 , 5191 , 5191 , 340779
9824 , 9824 , 5223 , 5223 , 342138
9856 , 9856 , 5255 , 5255 , 343393
9888 , 9888 , 5287 , 5287 , 344532
9920 , 9920 , 5319 , 5319 , 345974
9952 , 9952 , 5351 , 5351 , 347336
9984 , 9984 , 5383 , 5383 , 348783
10016 , 10016 , 5415 , 5415 , 349964
10048 , 10048 , 5447 , 5447 , 351142
