32 , 32 , 0 , 0 , 1086
64 , 64 , 0 , 0 , 2105
96 , 96 , 0 , 0 , 2929
128 , 128 , 0 , 0 , 4041
160 , 160 , 0 , 0 , 5241
192 , 192 , 0 , 0 , 6378
224 , 224 , 0 , 0 , 8072
256 , 256 , 0 , 0 , 9360
288 , 288 , 1 , 1 , 10595
320 , 320 , 1 , 1 , 12112
352 , 352 , 1 , 1 , 12963
384 , 384 , 1 , 1 , 13366
416 , 416 , 1 , 1 , 13781
448 , 448 , 1 , 1 , 14201
480 , 480 , 2 , 2 , 15158
512 , 512 , 2 , 2 , 16334
544 , 544 , 4 , 4 , 18110
576 , 576 , 4 , 4 , 19371
608 , 608 , 5 , 5 , 20599
640 , 640 , 7 , 7 , 21925
672 , 672 , 7 , 7 , 23325
704 , 704 , 7 , 7 , 24983
736 , 736 , 10 , 10 , 26596
768 , 768 , 13 , 13 , 27493
800 , 800 , 21 , 21 , 28393
832 , 832 , 26 , 26 , 28990
864 , 864 , 26 , 26 , 29442
896 , 896 , 26 , 26 , 29899
928 , 928 , 26 , 26 , 30345
960 , 960 , 26 , 26 , 30787
992 , 992 , 26 , 26 , 31233
1024 , 1024 , 26 , 26 , 31690
1056 , 1056 , 26 , 26 , 32135
1088 , 1088 , 27 , 27 , 32596
1120 , 1120 , 35 , 35 , 33749
1152 , 1152 , 39 , 39 , 35555
1184 , 1184 , 39 , 39 , 37326
1216 , 1216 , 45 , 45 , 38840
1248 , 1248 , 62 , 62 , 39638
1280 , 1280 , 83 , 83 , 40775
1312 , 1312 , 83 , 83 , 42615
1344 , 1344 , 83 , 83 , 44418
1376 , 1376 , 93 , 93 , 45587
1408 , 1408 , 103 , 103 , 46634
1440 , 1440 , 112 , 112 , 47953
1472 , 1472 , 112 , 112 , 49538
1504 , 1504 , 112 , 112 , 51139
1536 , 1536 , 117 , 117 , 52685
1568 , 1568 , 123 , 123 , 54286
1600 , 1600 , 150 , 150 , 55439
1632 , 1632 , 155 , 155 , 56513
1664 , 1664 , 155 , 155 , 57583
1696 , 1696 , 170 , 170 , 58560
1728 , 1728 , 198 , 198 , 60501
1760 , 1760 , 201 , 201 , 61539
1792 , 1792 , 217 , 217 , 62671
1824 , 1824 , 224 , 224 , 64351
1856 , 1856 , 224 , 224 , 66052
1888 , 1888 , 246 , 246 , 67447
1920 , 1920 , 272 , 272 , 68597
1952 , 1952 , 294 , 294 , 69728
1984 , 1984 , 319 , 319 , 71016
2016 , 2016 , 337 , 337 , 72150
2048 , 2048 , 337 , 337 , 73179
2080 , 2080 , 362 , 362 , 74245
2112 , 2112 , 384 , 384 , 75193
2144 , 2144 , 406 , 406 , 76584
2176 , 2176 , 406 , 406 , 78301
2208 , 2208 , 410 , 410 , 79915
2240 , 2240 , 442 , 442 , 81077
2272 , 2272 , 463 , 463 , 82126
2304 , 2304 , 485 , 485 , 83212
2336 , 2336 , 486 , 486 , 84240
2368 , 2368 , 516 , 516 , 85312
2400 , 2400 , 516 , 516 , 86354
2432 , 2432 , 516 , 516 , 87388
2464 , 2464 , 516 , 516 , 88433
2496 , 2496 , 516 , 516 , 89509
2528 , 2528 , 536 , 536 , 90547
2560 , 2560 , 536 , 536 , 91555
2592 , 2592 , 564 , 564 , 92642
2624 , 2624 , 570 , 570 , 93652
2656 , 2656 , 591 , 591 , 94383
2688 , 2688 , 617 , 617 , 95421
2720 , 2720 , 618 , 618 , 96444
2752 , 2752 , 650 , 650 , 97730
2784 , 2784 , 653 , 653 , 99289
2816 , 2816 , 653 , 653 , 100948
2848 , 2848 , 653 , 653 , 102494
2880 , 2880 , 681 , 681 , 103662
2912 , 2912 , 708 , 708 , 104792
2944 , 2944 , 718 , 718 , 105853
2976 , 2976 , 733 , 733 , 106883
3008 , 3008 , 748 , 748 , 108497
3040 , 3040 , 780 , 780 , 109406
3072 , 3072 , 805 , 805 , 110417
3104 , 3104 , 805 , 805 , 111517
3136 , 3136 , 830 , 830 , 112929
3168 , 3168 , 859 , 859 , 114290
3200 , 3200 , 888 , 888 , 115170
3232 , 3232 , 919 , 919 , 116293
3264 , 3264 , 919 , 919 , 117315
3296 , 3296 , 945 , 945 , 118502
3328 , 3328 , 977 , 977 , 119624
3360 , 3360 , 1009 , 1009 , 121224
3392 , 3392 , 1027 , 1027 , 125166
3424 , 3424 , 1057 , 1057 , 126102
3456 , 3456 , 1089 , 1089 , 127308
3488 , 3488 , 1106 , 1106 , 129060
3520 , 3520 , 1120 , 1120 , 130368
3552 , 3552 , 1144 , 1144 , 131379
3584 , 3584 , 1158 , 1158 , 134954
3616 , 3616 , 1190 , 1190 , 138538
3648 , 3648 , 1202 , 1202 , 139100
3680 , 3680 , 1202 , 1202 , 139674
3712 , 3712 , 1205 , 1205 , 140267
3744 , 3744 , 1237 , 1237 , 141537
3776 , 3776 , 1267 , 1267 , 142026
3808 , 3808 , 1267 , 1267 , 142491
3840 , 3840 , 1267 , 1267 , 142950
3872 , 3872 , 1267 , 1267 , 143417
3904 , 3904 , 1267 , 1267 , 143872
3936 , 3936 , 1267 , 1267 , 144344
3968 , 3968 , 1267 , 1267 , 144815
4000 , 4000 , 1267 , 1267 , 145272
4032 , 4032 , 1278 , 1278 , 145938
4064 , 4064 , 1310 , 1310 , 147019
4096 , 4096 , 1342 , 1342 , 148147
4128 , 4128 , 1374 , 1374 , 149272
4160 , 4160 , 1396 , 1396 , 150575
4192 , 4192 , 1396 , 1396 , 151924
4224 , 4224 , 1396 , 1396 , 153270
4256 , 4256 , 1428 , 1428 , 154489
4288 , 4288 , 1434 , 1434 , 155739
4320 , 4320 , 1462 , 1462 , 157268
4352 , 4352 , 1494 , 1494 , 158443
4384 , 4384 , 1526 , 1526 , 159346
4416 , 4416 , 1558 , 1558 , 160621
4448 , 4448 , 1576 , 1576 , 161579
4480 , 4480 , 1576 , 1576 , 162520
4512 , 4512 , 1576 , 1576 , 163477
4544 , 4544 , 1576 , 1576 , 164440
4576 , 4576 , 1576 , 1576 , 165387
4608 , 4608 , 1598 , 1598 , 166452
4640 , 4640 , 1618 , 1618 , 167537
4672 , 4672 , 1623 , 1623 , 169432
4704 , 4704 , 1655 , 1655 , 174260
4736 , 4736 , 1683 , 1683 , 175347
4768 , 4768 , 1714 , 1714 , 177487
4800 , 4800 , 1732 , 1732 , 178836
4832 , 4832 , 1739 , 1739 , 180150
4864 , 4864 , 1771 , 1771 , 181313
4896 , 4896 , 1803 , 1803 , 182564
4928 , 4928 , 1820 , 1820 , 183561
4960 , 4960 , 1844 , 1844 , 184588
4992 , 4992 , 1876 , 1876 , 185551
5024 , 5024 , 1908 , 1908 , 186578
5056 , 5056 , 1925 , 1925 , 187246
5088 , 5088 , 1941 , 1941 , 188174
5120 , 5120 , 1973 , 1973 , 188973
5152 , 5152 , 2005 , 2005 , 190815
5184 , 5184 , 2016 , 2016 , 192882
5216 , 5216 , 2016 , 2016 , 194943
5248 , 5248 , 2026 , 2026 , 196653
5280 , 5280 , 2058 , 2058 , 197747
5312 , 5312 , 2060 , 2060 , 198835
5344 , 5344 , 2068 , 2068 , 199997
5376 , 5376 , 2100 , 2100 , 201287
5408 , 5408 , 2132 , 2132 , 202363
5440 , 5440 , 2164 , 2164 , 203410
5472 , 5472 , 2196 , 2196 , 204211
5504 , 5504 , 2228 , 2228 , 205555
5536 , 5536 , 2260 , 2260 , 206542
5568 , 5568 , 2292 , 2292 , 207663
5600 , 5600 , 2324 , 2324 , 208748
5632 , 5632 , 2349 , 2349 , 209846
5664 , 5664 , 2372 , 2372 , 210918
5696 , 5696 , 2402 , 2402 , 212149
5728 , 5728 , 2417 , 2417 , 213283
5760 , 5760 , 2417 , 2417 , 214400
5792 , 5792 , 2442 , 2442 , 217405
5824 , 5824 , 2473 , 2473 , 220640
5856 , 5856 , 2501 , 2501 , 222317
5888 , 5888 , 2501 , 2501 , 223957
5920 , 5920 , 2514 , 2514 , 225046
5952 , 5952 , 2546 , 2546 , 226193
5984 , 5984 , 2578 , 2578 , 227736
6016 , 6016 , 2587 , 2587 , 229342
6048 , 6048 , 2616 , 2616 , 230531
6080 , 6080 , 2648 , 2648 , 230952
6112 , 6112 , 2651 , 2651 , 231366
6144 , 6144 , 2651 , 2651 , 231786
6176 , 6176 , 2651 , 2651 , 232213
6208 , 6208 , 2651 , 2651 , 232634
6240 , 6240 , 2651 , 2651 , 233057
6272 , 6272 , 2651 , 2651 , 233469
6304 , 6304 , 2651 , 2651 , 233881
6336 , 6336 , 2669 , 2669 , 234788
6368 , 6368 , 2701 , 2701 , 235630
6400 , 6400 , 2721 , 2721 , 236199
6432 , 6432 , 2721 , 2721 , 236741
6464 , 6464 , 2721 , 2721 , 237277
6496 , 6496 , 2721 , 2721 , 237812
6528 , 6528 , 2745 , 2745 , 239201
6560 , 6560 , 2762 , 2762 , 240931
6592 , 6592 , 2762 , 2762 , 242712
6624 , 6624 , 2764 , 2764 , 244358
6656 , 6656 , 2796 , 2796 , 245547
6688 , 6688 , 2828 , 2828 , 246625
6720 , 6720 , 2860 , 2860 , 247910
6752 , 6752 , 2892 , 2892 , 249137
6784 , 6784 , 2924 , 2924 , 250417
6816 , 6816 , 2956 , 2956 , 251471
6848 , 6848 , 2983 , 2983 , 252439
6880 , 6880 , 3002 , 3002 , 253621
6912 , 6912 , 3034 , 3034 , 255103
6944 , 6944 , 3066 , 3066 , 256154
6976 , 6976 , 3083 , 3083 , 257202
7008 , 7008 , 3083 , 3083 , 258183
7040 , 7040 , 3083 , 3083 , 259210
7072 , 7072 , 3083 , 3083 , 260237
7104 , 7104 , 3115 , 3115 , 260942
7136 , 7136 , 3146 , 3146 , 261360
7168 , 7168 , 3146 , 3146 , 261767
7200 , 7200 , 3146 , 3146 , 262196
7232 , 7232 , 3168 , 3168 , 263524
7264 , 7264 , 3200 , 3200 , 265105
7296 , 7296 , 3221 , 3221 , 266207
7328 , 7328 , 3253 , 3253 , 267766
7360 , 7360 , 3285 , 3285 , 268826
7392 , 7392 , 3317 , 3317 , 270462
7424 , 7424 , 3339 , 3339 , 272223
7456 , 7456 , 3339 , 3339 , 274006
7488 , 7488 , 3360 , 3360 , 275261
7520 , 7520 , 3392 , 3392 , 276792
7552 , 7552 , 3424 , 3424 , 278557
7584 , 7584 , 3448 , 3448 , 279651
7616 , 7616 , 3480 , 3480 , 280389
7648 , 7648 , 3484 , 3484 , 281106
7680 , 7680 , 3484 , 3484 , 281880
7712 , 7712 , 3507 , 3507 , 282464
7744 , 7744 , 3539 , 3539 , 282996
7776 , 7776 , 3539 , 3539 , 283535
7808 , 7808 , 3549 , 3549 , 284206
7840 , 7840 , 3581 , 3581 , 285219
7872 , 7872 , 3612 , 3612 , 286276
7904 , 7904 , 3644 , 3644 , 286811
7936 , 7936 , 3676 , 3676 , 287377
7968 , 7968 , 3679 , 3679 , 287974
8000 , 8000 , 3686 , 3686 , 288547
8032 , 8032 , 3718 , 3718 , 289194
8064 , 8064 , 3743 , 3743 , 290017
8096 , 8096 , 3775 , 3775 , 291622
8128 , 8128 , 3807 , 3807 , 293004
