32 , 32 , 0 , 0 , 724
64 , 64 , 0 , 0 , 1294
96 , 96 , 0 , 0 , 1869
128 , 128 , 0 , 0 , 2531
160 , 160 , 0 , 0 , 4077
192 , 192 , 0 , 0 , 4826
224 , 224 , 0 , 0 , 5481
256 , 256 , 0 , 0 , 6416
288 , 288 , 0 , 0 , 7456
320 , 320 , 0 , 0 , 8557
352 , 352 , 2 , 2 , 9571
384 , 384 , 2 , 2 , 10580
416 , 416 , 2 , 2 , 11572
448 , 448 , 2 , 2 , 12619
480 , 480 , 2 , 2 , 13683
512 , 512 , 7 , 7 , 14197
544 , 544 , 7 , 7 , 14670
576 , 576 , 13 , 13 , 15917
608 , 608 , 17 , 17 , 17252
640 , 640 , 22 , 22 , 18756
672 , 672 , 22 , 22 , 20442
704 , 704 , 22 , 22 , 22056
736 , 736 , 29 , 29 , 23519
768 , 768 , 40 , 40 , 25026
800 , 800 , 51 , 51 , 26329
832 , 832 , 58 , 58 , 27606
864 , 864 , 67 , 67 , 28923
896 , 896 , 79 , 79 , 29841
928 , 928 , 89 , 89 , 30813
960 , 960 , 89 , 89 , 31918
992 , 992 , 97 , 97 , 33155
1024 , 1024 , 107 , 107 , 34398
1056 , 1056 , 107 , 107 , 35487
1088 , 1088 , 114 , 114 , 36412
1120 , 1120 , 114 , 114 , 37144
1152 , 1152 , 114 , 114 , 37867
1184 , 1184 , 114 , 114 , 38591
1216 , 1216 , 134 , 134 , 39661
1248 , 1248 , 164 , 164 , 40913
1280 , 1280 , 190 , 190 , 41933
1312 , 1312 , 198 , 198 , 42476
1344 , 1344 , 198 , 198 , 43016
1376 , 1376 , 198 , 198 , 43544
1408 , 1408 , 198 , 198 , 44089
1440 , 1440 , 205 , 205 , 44816
1472 , 1472 , 213 , 213 , 46002
1504 , 1504 , 220 , 220 , 47288
1536 , 1536 , 227 , 227 , 48747
1568 , 1568 , 237 , 237 , 49263
1600 , 1600 , 237 , 237 , 49809
1632 , 1632 , 237 , 237 , 50343
1664 , 1664 , 260 , 260 , 50862
1696 , 1696 , 290 , 290 , 51828
1728 , 1728 , 302 , 302 , 53343
1760 , 1760 , 303 , 303 , 54879
1792 , 1792 , 331 , 331 , 55741
1824 , 1824 , 331 , 331 , 56967
1856 , 1856 , 331 , 331 , 58160
1888 , 1888 , 349 , 349 , 58841
1920 , 1920 , 349 , 349 , 59251
1952 , 1952 , 349 , 349 , 59679
1984 , 1984 , 349 , 349 , 60095
2016 , 2016 , 349 , 349 , 60511
2048 , 2048 , 349 , 349 , 60934
2080 , 2080 , 349 , 349 , 61362
2112 , 2112 , 349 , 349 , 61783
2144 , 2144 , 349 , 349 , 62207
2176 , 2176 , 365 , 365 , 63321
2208 , 2208 , 389 , 389 , 64494
2240 , 2240 , 411 , 411 , 65637
2272 , 2272 , 432 , 432 , 66892
2304 , 2304 , 443 , 443 , 67915
2336 , 2336 , 456 , 456 , 68988
2368 , 2368 , 472 , 472 , 70304
2400 , 2400 , 472 , 472 , 71665
2432 , 2432 , 499 , 499 , 74412
2464 , 2464 , 526 , 526 , 75882
2496 , 2496 , 541 , 541 , 77383
2528 , 2528 , 566 , 566 , 78953
2560 , 2560 , 597 , 597 , 80217
2592 , 2592 , 599 , 599 , 81456
2624 , 2624 , 620 , 620 , 82920
2656 , 2656 , 632 , 632 , 84177
2688 , 2688 , 649 , 649 , 84739
2720 , 2720 , 649 , 649 , 85309
2752 , 2752 , 649 , 649 , 85863
2784 , 2784 , 674 , 674 , 87441
2816 , 2816 , 674 , 674 , 89233
2848 , 2848 , 674 , 674 , 90960
2880 , 2880 , 705 , 705 , 92599
2912 , 2912 , 737 , 737 , 93875
2944 , 2944 , 743 , 743 , 95151
2976 , 2976 , 743 , 743 , 96390
3008 , 3008 , 758 , 758 , 97564
3040 , 3040 , 784 , 784 , 98125
3072 , 3072 , 784 , 784 , 98697
3104 , 3104 , 784 , 784 , 99260
3136 , 3136 , 810 , 810 , 100301
3168 , 3168 , 840 , 840 , 101359
3200 , 3200 , 864 , 864 , 101918
3232 , 3232 , 864 , 864 , 102498
3264 , 3264 , 864 , 864 , 103056
3296 , 3296 , 890 , 890 , 104153
3328 , 3328 , 914 , 914 , 105224
3360 , 3360 , 946 , 946 , 106393
3392 , 3392 , 968 , 968 , 107971
3424 , 3424 , 968 , 968 , 109566
3456 , 3456 , 968 , 968 , 111117
3488 , 3488 , 988 , 988 , 112351
3520 , 3520 , 1017 , 1017 , 113374
3552 , 3552 , 1031 , 1031 , 114565
3584 , 3584 , 1063 , 1063 , 116221
3616 , 3616 , 1071 , 1071 , 117931
3648 , 3648 , 1084 , 1084 , 119119
3680 , 3680 , 1116 , 1116 , 120514
3712 , 3712 , 1136 , 1136 , 122169
3744 , 3744 , 1136 , 1136 , 123784
3776 , 3776 , 1159 , 1159 , 125337
3808 , 3808 , 1191 , 1191 , 127010
3840 , 3840 , 1223 , 1223 , 127582
3872 , 3872 , 1223 , 1223 , 128159
3904 , 3904 , 1223 , 1223 , 128742
3936 , 3936 , 1249 , 1249 , 129889
3968 , 3968 , 1264 , 1264 , 131243
4000 , 4000 , 1282 , 1282 , 132926
4032 , 4032 , 1314 , 1314 , 133621
4064 , 4064 , 1346 , 1346 , 135147
4096 , 4096 , 1378 , 1378 , 136876
4128 , 4128 , 1410 , 1410 , 138076
4160 , 4160 , 1420 , 1420 , 139267
4192 , 4192 , 1429 , 1429 , 140279
4224 , 4224 , 1461 , 1461 , 140702
4256 , 4256 , 1469 , 1469 , 141112
4288 , 4288 , 1469 , 1469 , 141530
4320 , 4320 , 1479 , 1479 , 142279
4352 , 4352 , 1511 , 1511 , 143367
4384 , 4384 , 1543 , 1543 , 144106
4416 , 4416 , 1575 , 1575 , 145286
4448 , 4448 , 1607 , 1607 , 147009
4480 , 4480 , 1639 , 1639 , 148393
4512 , 4512 , 1669 , 1669 , 150062
4544 , 4544 , 1675 , 1675 , 151679
4576 , 4576 , 1707 , 1707 , 154930
4608 , 4608 , 1739 , 1739 , 156314
4640 , 4640 , 1771 , 1771 , 157180
4672 , 4672 , 1803 , 1803 , 157635
4704 , 4704 , 1805 , 1805 , 158086
4736 , 4736 , 1805 , 1805 , 158538
4768 , 4768 , 1805 , 1805 , 158979
4800 , 4800 , 1805 , 1805 , 159434
4832 , 4832 , 1830 , 1830 , 160623
4864 , 4864 , 1862 , 1862 , 161686
4896 , 4896 , 1894 , 1894 , 162154
4928 , 4928 , 1914 , 1914 , 162575
4960 , 4960 , 1914 , 1914 , 162981
4992 , 4992 , 1916 , 1916 , 163462
5024 , 5024 , 1948 , 1948 , 164958
5056 , 5056 , 1980 , 1980 , 166236
5088 , 5088 , 2012 , 2012 , 167279
5120 , 5120 , 2030 , 2030 , 168338
5152 , 5152 , 2030 , 2030 , 169371
5184 , 5184 , 2030 , 2030 , 170423
5216 , 5216 , 2034 , 2034 , 171640
5248 , 5248 , 2066 , 2066 , 173483
5280 , 5280 , 2087 , 2087 , 175275
5312 , 5312 , 2094 , 2094 , 176980
5344 , 5344 , 2126 , 2126 , 178495
5376 , 5376 , 2155 , 2155 , 180014
5408 , 5408 , 2187 , 2187 , 181020
5440 , 5440 , 2216 , 2216 , 181944
5472 , 5472 , 2248 , 2248 , 182526
5504 , 5504 , 2272 , 2272 , 183222
5536 , 5536 , 2304 , 2304 , 185107
5568 , 5568 , 2336 , 2336 , 189328
5600 , 5600 , 2368 , 2368 , 192555
5632 , 5632 , 2400 , 2400 , 194408
5664 , 5664 , 2410 , 2410 , 196214
5696 , 5696 , 2435 , 2435 , 197210
5728 , 5728 , 2467 , 2467 , 198831
5760 , 5760 , 2499 , 2499 , 199811
5792 , 5792 , 2531 , 2531 , 201117
5824 , 5824 , 2563 , 2563 , 202726
5856 , 5856 , 2595 , 2595 , 204414
5888 , 5888 , 2614 , 2614 , 205871
5920 , 5920 , 2646 , 2646 , 206689
5952 , 5952 , 2678 , 2678 , 207284
5984 , 5984 , 2710 , 2710 , 207907
6016 , 6016 , 2742 , 2742 , 209645
6048 , 6048 , 2774 , 2774 , 211272
6080 , 6080 , 2806 , 2806 , 211742
6112 , 6112 , 2838 , 2838 , 212331
6144 , 6144 , 2870 , 2870 , 213652
6176 , 6176 , 2902 , 2902 , 215224
6208 , 6208 , 2932 , 2932 , 216835
6240 , 6240 , 2933 , 2933 , 218425
6272 , 6272 , 2965 , 2965 , 221916
6304 , 6304 , 2997 , 2997 , 225631
6336 , 6336 , 3029 , 3029 , 226077
6368 , 6368 , 3058 , 3058 , 226528
6400 , 6400 , 3058 , 3058 , 226979
6432 , 6432 , 3058 , 3058 , 227432
6464 , 6464 , 3058 , 3058 , 227878
6496 , 6496 , 3083 , 3083 , 229197
6528 , 6528 , 3115 , 3115 , 230395
6560 , 6560 , 3147 , 3147 , 231584
6592 , 6592 , 3179 , 3179 , 233223
6624 , 6624 , 3211 , 3211 , 234249
6656 , 6656 , 3243 , 3243 , 235379
6688 , 6688 , 3275 , 3275 , 236145
6720 , 6720 , 3307 , 3307 , 236669
6752 , 6752 , 3335 , 3335 , 237211
6784 , 6784 , 3340 , 3340 , 237828
6816 , 6816 , 3372 , 3372 , 241404
6848 , 6848 , 3404 , 3404 , 243562
6880 , 6880 , 3436 , 3436 , 244166
6912 , 6912 , 3468 , 3468 , 244746
6944 , 6944 , 3500 , 3500 , 245833
6976 , 6976 , 3532 , 3532 , 247173
7008 , 7008 , 3564 , 3564 , 248303
7040 , 7040 , 3596 , 3596 , 249386
7072 , 7072 , 3628 , 3628 , 250471
7104 , 7104 , 3660 , 3660 , 251773
7136 , 7136 , 3692 , 3692 , 253132
7168 , 7168 , 3707 , 3707 , 254475
7200 , 7200 , 3721 , 3721 , 255563
7232 , 7232 , 3753 , 3753 , 256245
7264 , 7264 , 3785 , 3785 , 257159
7296 , 7296 , 3817 , 3817 , 258265
7328 , 7328 , 3849 , 3849 , 259425
7360 , 7360 , 3881 , 3881 , 260520
7392 , 7392 , 3913 , 3913 , 261558
7424 , 7424 , 3945 , 3945 , 262788
7456 , 7456 , 3977 , 3977 , 264280
7488 , 7488 , 4009 , 4009 , 265766
7520 , 7520 , 4041 , 4041 , 266718
7552 , 7552 , 4073 , 4073 , 268065
7584 , 7584 , 4105 , 4105 , 269375
7616 , 7616 , 4137 , 4137 , 270703
7648 , 7648 , 4154 , 4154 , 271860
7680 , 7680 , 4186 , 4186 , 273030
7712 , 7712 , 4218 , 4218 , 274060
7744 , 7744 , 4250 , 4250 , 275236
7776 , 7776 , 4282 , 4282 , 276412
7808 , 7808 , 4314 , 4314 , 277564
7840 , 7840 , 4346 , 4346 , 279027
7872 , 7872 , 4378 , 4378 , 281178
7904 , 7904 , 4410 , 4410 , 282307
7936 , 7936 , 4442 , 4442 , 283458
7968 , 7968 , 4474 , 4474 , 284543
8000 , 8000 , 4506 , 4506 , 285642
8032 , 8032 , 4538 , 4538 , 286906
8064 , 8064 , 4570 , 4570 , 287690
8096 , 8096 , 4602 , 4602 , 288230
8128 , 8128 , 4634 , 4634 , 288782
8160 , 8160 , 4638 , 4638 , 289330
8192 , 8192 , 4638 , 4638 , 289870
8224 , 8224 , 4667 , 4667 , 290956
8256 , 8256 , 4699 , 4699 , 292305
8288 , 8288 , 4731 , 4731 , 293735
8320 , 8320 , 4763 , 4763 , 295147
8352 , 8352 , 4785 , 4785 , 296399
8384 , 8384 , 4817 , 4817 , 297687
8416 , 8416 , 4849 , 4849 , 298771
8448 , 8448 , 4881 , 4881 , 299941
8480 , 8480 , 4913 , 4913 , 301669
8512 , 8512 , 4945 , 4945 , 303431
8544 , 8544 , 4971 , 4971 , 305128
8576 , 8576 , 5003 , 5003 , 306648
8608 , 8608 , 5035 , 5035 , 308359
8640 , 8640 , 5067 , 5067 , 310052
8672 , 8672 , 5099 , 5099 , 311069
8704 , 8704 , 5131 , 5131 , 311774
8736 , 8736 , 5163 , 5163 , 312445
8768 , 8768 , 5195 , 5195 , 312559
8800 , 8800 , 5227 , 5227 , 312880
8832 , 8832 , 5259 , 5259 , 314018
8864 , 8864 , 5291 , 5291 , 314874
8896 , 8896 , 5323 , 5323 , 315980
8928 , 8928 , 5355 , 5355 , 317215
8960 , 8960 , 5387 , 5387 , 318456
8992 , 8992 , 5419 , 5419 , 319813
9024 , 9024 , 5451 , 5451 , 321603
9056 , 9056 , 5483 , 5483 , 323387
9088 , 9088 , 5515 , 5515 , 324698
9120 , 9120 , 5547 , 5547 , 325124
9152 , 9152 , 5579 , 5579 , 325528
9184 , 9184 , 5611 , 5611 , 325944
9216 , 9216 , 5614 , 5614 , 326365
9248 , 9248 , 5614 , 5614 , 326780
9280 , 9280 , 5614 , 5614 , 327200
9312 , 9312 , 5614 , 5614 , 327622
9344 , 9344 , 5614 , 5614 , 328040
9376 , 9376 , 5637 , 5637 , 329042
9408 , 9408 , 5669 , 5669 , 329959
9440 , 9440 , 5701 , 5701 , 331010
9472 , 9472 , 5733 , 5733 , 331429
9504 , 9504 , 5765 , 5765 , 331837
9536 , 9536 , 5797 , 5797 , 332259
9568 , 9568 , 5805 , 5805 , 332675
9600 , 9600 , 5805 , 5805 , 333089
9632 , 9632 , 5821 , 5821 , 334098
9664 , 9664 , 5853 , 5853 , 335231
9696 , 9696 , 5885 , 5885 , 336367
9728 , 9728 , 5917 , 5917 , 337590
9760 , 9760 , 5949 , 5949 , 338831
9792 , 9792 , 5981 , 5981 , 340089
9824 , 9824 , 6013 , 6013 , 341354
9856 , 9856 , 6040 , 6040 , 342682
9888 , 9888 , 6072 , 6072 , 344096
9920 , 9920 , 6104 , 6104 , 345709
9952 , 9952 , 6136 , 6136 , 347619
9984 , 9984 , 6168 , 6168 , 349446
10016 , 10016 , 6200 , 6200 , 351010
10048 , 10048 , 6232 , 6232 , 351461
10080 , 10080 , 6264 , 6264 , 351920
10112 , 10112 , 6296 , 6296 , 352387
10144 , 10144 , 6310 , 6310 , 352847
10176 , 10176 , 6310 , 6310 , 353323
10208 , 10208 , 6310 , 6310 , 353793
10240 , 10240 , 6310 , 6310 , 354256
10272 , 10272 , 6310 , 6310 , 354711
10304 , 10304 , 6328 , 6328 , 355805
10336 , 10336 , 6360 , 6360 , 357153
10368 , 10368 , 6392 , 6392 , 358340
10400 , 10400 , 6424 , 6424 , 359364
10432 , 10432 , 6456 , 6456 , 360740
10464 , 10464 , 6488 , 6488 , 362182
10496 , 10496 , 6520 , 6520 , 362644
10528 , 10528 , 6552 , 6552 , 363093
10560 , 10560 , 6584 , 6584 , 363544
10592 , 10592 , 6607 , 6607 , 363997
10624 , 10624 , 6607 , 6607 , 364457
10656 , 10656 , 6607 , 6607 , 364915
10688 , 10688 , 6607 , 6607 , 365375
10720 , 10720 , 6607 , 6607 , 365832
10752 , 10752 , 6621 , 6621 , 366341
10784 , 10784 , 6653 , 6653 , 366954
10816 , 10816 , 6685 , 6685 , 367758
10848 , 10848 , 6717 , 6717 , 369390
10880 , 10880 , 6749 , 6749 , 370982
10912 , 10912 , 6781 , 6781 , 372566
10944 , 10944 , 6813 , 6813 , 373614
10976 , 10976 , 6845 , 6845 , 375184
11008 , 11008 , 6877 , 6877 , 376766
11040 , 11040 , 6909 , 6909 , 378335
11072 , 11072 , 6941 , 6941 , 381304
11104 , 11104 , 6973 , 6973 , 384687
11136 , 11136 , 7005 , 7005 , 385334
11168 , 11168 , 7037 , 7037 , 386051
11200 , 11200 , 7069 , 7069 , 387458
11232 , 11232 , 7101 , 7101 , 388638
11264 , 11264 , 7133 , 7133 , 389735
11296 , 11296 , 7165 , 7165 , 390784
11328 , 11328 , 7197 , 7197 , 391747
11360 , 11360 , 7229 , 7229 , 392744
11392 , 11392 , 7261 , 7261 , 393667
11424 , 11424 , 7293 , 7293 , 394656
11456 , 11456 , 7293 , 7293 , 395621
11488 , 11488 , 7305 , 7305 , 396603
11520 , 11520 , 7337 , 7337 , 397823
11552 , 11552 , 7369 , 7369 , 399216
11584 , 11584 , 7401 , 7401 , 400638
11616 , 11616 , 7433 , 7433 , 402052
11648 , 11648 , 7465 , 7465 , 403219
11680 , 11680 , 7497 , 7497 , 404576
11712 , 11712 , 7529 , 7529 , 405755
11744 , 11744 , 7561 , 7561 , 407163
11776 , 11776 , 7593 , 7593 , 408567
11808 , 11808 , 7625 , 7625 , 410063
11840 , 11840 , 7657 , 7657 , 411603
11872 , 11872 , 7689 , 7689 , 412498
11904 , 11904 , 7721 , 7721 , 413391
11936 , 11936 , 7753 , 7753 , 414407
11968 , 11968 , 7785 , 7785 , 415329
12000 , 12000 , 7817 , 7817 , 416324
12032 , 12032 , 7833 , 7833 , 417294
12064 , 12064 , 7838 , 7838 , 418421
12096 , 12096 , 7870 , 7870 , 420269
12128 , 12128 , 7902 , 7902 , 422132
12160 , 12160 , 7934 , 7934 , 423942
12192 , 12192 , 7966 , 7966 , 425429
12224 , 12224 , 7998 , 7998 , 426517
12256 , 12256 , 8030 , 8030 , 427806
12288 , 12288 , 8062 , 8062 , 428844
12320 , 12320 , 8094 , 8094 , 429781
12352 , 12352 , 8126 , 8126 , 430815
12384 , 12384 , 8158 , 8158 , 432057
12416 , 12416 , 8190 , 8190 , 433315
12448 , 12448 , 8222 , 8222 , 434564
12480 , 12480 , 8254 , 8254 , 438563
12512 , 12512 , 8286 , 8286 , 440069
12544 , 12544 , 8318 , 8318 , 441057
12576 , 12576 , 8350 , 8350 , 442227
12608 , 12608 , 8382 , 8382 , 443924
12640 , 12640 , 8414 , 8414 , 445609
12672 , 12672 , 8446 , 8446 , 447149
12704 , 12704 , 8478 , 8478 , 448704
12736 , 12736 , 8510 , 8510 , 449730
12768 , 12768 , 8542 , 8542 , 450595
12800 , 12800 , 8574 , 8574 , 451528
12832 , 12832 , 8606 , 8606 , 452531
12864 , 12864 , 8638 , 8638 , 453646
12896 , 12896 , 8670 , 8670 , 454948
12928 , 12928 , 8702 , 8702 , 456146
12960 , 12960 , 8734 , 8734 , 457186
12992 , 12992 , 8766 , 8766 , 457913
13024 , 13024 , 8798 , 8798 , 458654
13056 , 13056 , 8830 , 8830 , 459402
13088 , 13088 , 8862 , 8862 , 460206
13120 , 13120 , 8894 , 8894 , 461204
13152 , 13152 , 8926 , 8926 , 462049
13184 , 13184 , 8958 , 8958 , 463134
13216 , 13216 , 8990 , 8990 , 464168
13248 , 13248 , 9022 , 9022 , 465337
13280 , 13280 , 9054 , 9054 , 466353
13312 , 13312 , 9086 , 9086 , 467940
13344 , 13344 , 9118 , 9118 , 469395
