32 , 32 , 0 , 0 , 1856
64 , 64 , 0 , 0 , 2650
96 , 96 , 0 , 0 , 4381
128 , 128 , 0 , 0 , 6217
160 , 160 , 0 , 0 , 7967
192 , 192 , 2 , 2 , 9466
224 , 224 , 2 , 2 , 11262
256 , 256 , 3 , 3 , 12327
288 , 288 , 3 , 3 , 12951
320 , 320 , 6 , 6 , 15200
352 , 352 , 10 , 10 , 16876
384 , 384 , 25 , 25 , 18030
416 , 416 , 32 , 32 , 19283
448 , 448 , 32 , 32 , 21142
480 , 480 , 32 , 32 , 22973
512 , 512 , 32 , 32 , 24833
544 , 544 , 37 , 37 , 25600
576 , 576 , 45 , 45 , 26771
608 , 608 , 57 , 57 , 27866
640 , 640 , 62 , 62 , 29004
672 , 672 , 73 , 73 , 30041
704 , 704 , 81 , 81 , 30917
736 , 736 , 89 , 89 , 31708
768 , 768 , 93 , 93 , 33424
800 , 800 , 93 , 93 , 35182
832 , 832 , 93 , 93 , 36915
864 , 864 , 110 , 110 , 38762
896 , 896 , 120 , 120 , 40244
928 , 928 , 120 , 120 , 41831
960 , 960 , 140 , 140 , 43229
992 , 992 , 153 , 153 , 44439
1024 , 1024 , 173 , 173 , 45845
1056 , 1056 , 187 , 187 , 47354
1088 , 1088 , 198 , 198 , 48887
1120 , 1120 , 213 , 213 , 50316
1152 , 1152 , 219 , 219 , 51496
1184 , 1184 , 227 , 227 , 52722
1216 , 1216 , 252 , 252 , 54214
1248 , 1248 , 253 , 253 , 55757
1280 , 1280 , 281 , 281 , 56913
1312 , 1312 , 310 , 310 , 58423
1344 , 1344 , 338 , 338 , 59736
1376 , 1376 , 338 , 338 , 60931
1408 , 1408 , 338 , 338 , 62111
1440 , 1440 , 357 , 357 , 63490
1472 , 1472 , 381 , 381 , 65089
1504 , 1504 , 403 , 403 , 66797
1536 , 1536 , 405 , 405 , 67742
1568 , 1568 , 405 , 405 , 68704
1600 , 1600 , 405 , 405 , 69658
1632 , 1632 , 405 , 405 , 70652
1664 , 1664 , 405 , 405 , 71616
1696 , 1696 , 418 , 418 , 72874
1728 , 1728 , 439 , 439 , 74191
1760 , 1760 , 459 , 459 , 75346
1792 , 1792 , 459 , 459 , 76485
1824 , 1824 , 475 , 475 , 78206
1856 , 1856 , 504 , 504 , 79900
1888 , 1888 , 522 , 522 , 81506
1920 , 1920 , 546 , 546 , 83315
1952 , 1952 , 551 , 551 , 84418
1984 , 1984 , 567 , 567 , 85153
2016 , 2016 , 591 , 591 , 86118
2048 , 2048 , 613 , 613 , 87718
2080 , 2080 , 639 , 639 , 88457
2112 , 2112 , 656 , 656 , 89620
2144 , 2144 , 662 , 662 , 91282
2176 , 2176 , 662 , 662 , 92901
2208 , 2208 , 672 , 672 , 94385
2240 , 2240 , 703 , 703 , 96322
2272 , 2272 , 722 , 722 , 102707
2304 , 2304 , 747 , 747 , 104089
2336 , 2336 , 776 , 776 , 105141
2368 , 2368 , 806 , 806 , 106836
2400 , 2400 , 836 , 836 , 108420
2432 , 2432 , 849 , 849 , 110232
2464 , 2464 , 849 , 849 , 112015
2496 , 2496 , 861 , 861 , 113500
2528 , 2528 , 893 , 893 , 114450
2560 , 2560 , 925 , 925 , 116030
2592 , 2592 , 957 , 957 , 117594
2624 , 2624 , 985 , 985 , 118719
2656 , 2656 , 998 , 998 , 119804
2688 , 2688 , 1021 , 1021 , 121078
2720 , 2720 , 1035 , 1035 , 122278
2752 , 2752 , 1040 , 1040 , 123406
2784 , 2784 , 1072 , 1072 , 124590
2816 , 2816 , 1104 , 1104 , 126434
2848 , 2848 , 1129 , 1129 , 126972
2880 , 2880 , 1129 , 1129 , 127505
2912 , 2912 , 1129 , 1129 , 128014
2944 , 2944 , 1129 , 1129 , 128527
2976 , 2976 , 1132 , 1132 , 129108
3008 , 3008 , 1153 , 1153 , 130480
3040 , 3040 , 1153 , 1153 , 131838
3072 , 3072 , 1153 , 1153 , 133163
3104 , 3104 , 1166 , 1166 , 134421
3136 , 3136 , 1198 , 1198 , 135693
3168 , 3168 , 1216 , 1216 , 136809
3200 , 3200 , 1240 , 1240 , 137890
3232 , 3232 , 1270 , 1270 , 138958
3264 , 3264 , 1288 , 1288 , 140045
3296 , 3296 , 1288 , 1288 , 141044
3328 , 3328 , 1288 , 1288 , 142098
3360 , 3360 , 1288 , 1288 , 143119
3392 , 3392 , 1301 , 1301 , 144676
3424 , 3424 , 1333 , 1333 , 146306
3456 , 3456 , 1365 , 1365 , 147897
3488 , 3488 , 1397 , 1397 , 149729
3520 , 3520 , 1427 , 1427 , 150778
3552 , 3552 , 1427 , 1427 , 151800
3584 , 3584 , 1427 , 1427 , 152864
3616 , 3616 , 1427 , 1427 , 153910
3648 , 3648 , 1428 , 1428 , 154934
3680 , 3680 , 1457 , 1457 , 156171
3712 , 3712 , 1457 , 1457 , 157444
3744 , 3744 , 1457 , 1457 , 158682
3776 , 3776 , 1481 , 1481 , 159999
3808 , 3808 , 1513 , 1513 , 160971
3840 , 3840 , 1545 , 1545 , 162642
3872 , 3872 , 1577 , 1577 , 164035
3904 , 3904 , 1609 , 1609 , 165311
3936 , 3936 , 1641 , 1641 , 166659
3968 , 3968 , 1673 , 1673 , 167831
4000 , 4000 , 1705 , 1705 , 168648
4032 , 4032 , 1719 , 1719 , 169303
4064 , 4064 , 1736 , 1736 , 170513
4096 , 4096 , 1768 , 1768 , 172147
4128 , 4128 , 1782 , 1782 , 173290
4160 , 4160 , 1807 , 1807 , 174476
4192 , 4192 , 1834 , 1834 , 174889
4224 , 4224 , 1834 , 1834 , 175311
4256 , 4256 , 1834 , 1834 , 175726
4288 , 4288 , 1843 , 1843 , 176404
4320 , 4320 , 1875 , 1875 , 177526
4352 , 4352 , 1907 , 1907 , 178711
4384 , 4384 , 1939 , 1939 , 180283
4416 , 4416 , 1959 , 1959 , 181406
4448 , 4448 , 1976 , 1976 , 182501
4480 , 4480 , 2008 , 2008 , 183794
4512 , 4512 , 2035 , 2035 , 185473
4544 , 4544 , 2035 , 2035 , 187193
4576 , 4576 , 2059 , 2059 , 188776
4608 , 4608 , 2091 , 2091 , 192585
4640 , 4640 , 2121 , 2121 , 194693
4672 , 4672 , 2147 , 2147 , 195245
4704 , 4704 , 2147 , 2147 , 195814
4736 , 4736 , 2147 , 2147 , 196376
4768 , 4768 , 2177 , 2177 , 197790
4800 , 4800 , 2209 , 2209 , 198293
4832 , 4832 , 2218 , 2218 , 198752
4864 , 4864 , 2218 , 2218 , 199214
4896 , 4896 , 2218 , 2218 , 199661
4928 , 4928 , 2218 , 2218 , 200121
4960 , 4960 , 2218 , 2218 , 200572
4992 , 4992 , 2218 , 2218 , 201024
5024 , 5024 , 2218 , 2218 , 201461
5056 , 5056 , 2229 , 2229 , 202201
5088 , 5088 , 2261 , 2261 , 203258
5120 , 5120 , 2283 , 2283 , 204477
5152 , 5152 , 2315 , 2315 , 205579
5184 , 5184 , 2318 , 2318 , 206690
5216 , 5216 , 2331 , 2331 , 207812
5248 , 5248 , 2363 , 2363 , 208718
5280 , 5280 , 2395 , 2395 , 209139
5312 , 5312 , 2395 , 2395 , 209555
5344 , 5344 , 2395 , 2395 , 209977
5376 , 5376 , 2395 , 2395 , 210398
5408 , 5408 , 2395 , 2395 , 210811
5440 , 5440 , 2395 , 2395 , 211230
5472 , 5472 , 2395 , 2395 , 211646
5504 , 5504 , 2395 , 2395 , 212067
5536 , 5536 , 2419 , 2419 , 213048
5568 , 5568 , 2451 , 2451 , 214652
5600 , 5600 , 2465 , 2465 , 216127
5632 , 5632 , 2497 , 2497 , 217344
5664 , 5664 , 2511 , 2511 , 218442
5696 , 5696 , 2543 , 2543 , 219166
5728 , 5728 , 2550 , 2550 , 219894
5760 , 5760 , 2550 , 2550 , 220643
5792 , 5792 , 2559 , 2559 , 221344
5824 , 5824 , 2591 , 2591 , 221940
5856 , 5856 , 2604 , 2604 , 222687
5888 , 5888 , 2636 , 2636 , 223947
5920 , 5920 , 2651 , 2651 , 225229
5952 , 5952 , 2683 , 2683 , 225889
5984 , 5984 , 2707 , 2707 , 226309
6016 , 6016 , 2707 , 2707 , 226717
6048 , 6048 , 2707 , 2707 , 227123
6080 , 6080 , 2736 , 2736 , 228214
6112 , 6112 , 2768 , 2768 , 229456
6144 , 6144 , 2800 , 2800 , 230740
6176 , 6176 , 2815 , 2815 , 231919
6208 , 6208 , 2847 , 2847 , 233102
6240 , 6240 , 2879 , 2879 , 234436
6272 , 6272 , 2899 , 2899 , 235782
6304 , 6304 , 2899 , 2899 , 237121
6336 , 6336 , 2919 , 2919 , 237857
6368 , 6368 , 2950 , 2950 , 238274
6400 , 6400 , 2950 , 2950 , 238697
6432 , 6432 , 2950 , 2950 , 239119
6464 , 6464 , 2950 , 2950 , 239532
6496 , 6496 , 2950 , 2950 , 239950
6528 , 6528 , 2950 , 2950 , 240364
6560 , 6560 , 2950 , 2950 , 240776
6592 , 6592 , 2951 , 2951 , 241229
6624 , 6624 , 2983 , 2983 , 242486
6656 , 6656 , 3015 , 3015 , 242944
6688 , 6688 , 3030 , 3030 , 243415
6720 , 6720 , 3030 , 3030 , 243864
6752 , 6752 , 3030 , 3030 , 244331
6784 , 6784 , 3030 , 3030 , 244811
6816 , 6816 , 3030 , 3030 , 245278
6848 , 6848 , 3030 , 3030 , 245733
6880 , 6880 , 3030 , 3030 , 246204
6912 , 6912 , 3049 , 3049 , 247339
6944 , 6944 , 3081 , 3081 , 248821
6976 , 6976 , 3113 , 3113 , 250429
7008 , 7008 , 3145 , 3145 , 252027
7040 , 7040 , 3148 , 3148 , 253654
7072 , 7072 , 3164 , 3164 , 255261
7104 , 7104 , 3196 , 3196 , 256791
7136 , 7136 , 3228 , 3228 , 258365
7168 , 7168 , 3260 , 3260 , 259957
7200 , 7200 , 3291 , 3291 , 260946
7232 , 7232 , 3323 , 3323 , 261513
7264 , 7264 , 3332 , 3332 , 262068
7296 , 7296 , 3336 , 3336 , 262692
7328 , 7328 , 3368 , 3368 , 263376
7360 , 7360 , 3399 , 3399 , 264055
7392 , 7392 , 3428 , 3428 , 264892
7424 , 7424 , 3460 , 3460 , 265539
7456 , 7456 , 3490 , 3490 , 266064
7488 , 7488 , 3490 , 3490 , 266593
7520 , 7520 , 3505 , 3505 , 267703
7552 , 7552 , 3537 , 3537 , 269466
7584 , 7584 , 3569 , 3569 , 270761
7616 , 7616 , 3601 , 3601 , 271854
7648 , 7648 , 3632 , 3632 , 273195
7680 , 7680 , 3664 , 3664 , 274214
7712 , 7712 , 3696 , 3696 , 279478
7744 , 7744 , 3728 , 3728 , 281465
7776 , 7776 , 3760 , 3760 , 282929
7808 , 7808 , 3792 , 3792 , 283979
7840 , 7840 , 3824 , 3824 , 285081
7872 , 7872 , 3856 , 3856 , 286386
7904 , 7904 , 3885 , 3885 , 287769
7936 , 7936 , 3917 , 3917 , 288699
7968 , 7968 , 3949 , 3949 , 289641
8000 , 8000 , 3981 , 3981 , 290706
8032 , 8032 , 4013 , 4013 , 291721
8064 , 8064 , 4045 , 4045 , 292715
8096 , 8096 , 4077 , 4077 , 293683
8128 , 8128 , 4109 , 4109 , 294674
8160 , 8160 , 4114 , 4114 , 295658
8192 , 8192 , 4114 , 4114 , 296618
8224 , 8224 , 4114 , 4114 , 297573
8256 , 8256 , 4124 , 4124 , 298698
8288 , 8288 , 4156 , 4156 , 299781
8320 , 8320 , 4188 , 4188 , 300692
8352 , 8352 , 4220 , 4220 , 301599
8384 , 8384 , 4252 , 4252 , 302925
8416 , 8416 , 4284 , 4284 , 304592
8448 , 8448 , 4303 , 4303 , 306235
8480 , 8480 , 4324 , 4324 , 307909
8512 , 8512 , 4356 , 4356 , 309604
8544 , 8544 , 4376 , 4376 , 311391
8576 , 8576 , 4376 , 4376 , 313050
8608 , 8608 , 4402 , 4402 , 314237
8640 , 8640 , 4434 , 4434 , 315412
8672 , 8672 , 4466 , 4466 , 317050
8704 , 8704 , 4498 , 4498 , 318952
8736 , 8736 , 4517 , 4517 , 320822
8768 , 8768 , 4528 , 4528 , 322466
8800 , 8800 , 4560 , 4560 , 323644
8832 , 8832 , 4592 , 4592 , 324604
8864 , 8864 , 4624 , 4624 , 326002
8896 , 8896 , 4656 , 4656 , 327682
8928 , 8928 , 4688 , 4688 , 329009
8960 , 8960 , 4720 , 4720 , 330673
8992 , 8992 , 4751 , 4751 , 332327
9024 , 9024 , 4783 , 4783 , 333598
9056 , 9056 , 4815 , 4815 , 334446
9088 , 9088 , 4847 , 4847 , 335598
9120 , 9120 , 4879 , 4879 , 336593
9152 , 9152 , 4911 , 4911 , 338147
9184 , 9184 , 4943 , 4943 , 339042
9216 , 9216 , 4975 , 4975 , 340318
9248 , 9248 , 5007 , 5007 , 341459
9280 , 9280 , 5039 , 5039 , 342594
9312 , 9312 , 5071 , 5071 , 343574
