32 , 32 , 0 , 0 , 940
64 , 64 , 0 , 0 , 1949
96 , 96 , 0 , 0 , 2872
128 , 128 , 0 , 0 , 3879
160 , 160 , 0 , 0 , 4874
192 , 192 , 0 , 0 , 6015
224 , 224 , 0 , 0 , 7062
256 , 256 , 0 , 0 , 8145
288 , 288 , 0 , 0 , 12290
320 , 320 , 0 , 0 , 14113
352 , 352 , 0 , 0 , 15211
384 , 384 , 2 , 2 , 16258
416 , 416 , 2 , 2 , 17266
448 , 448 , 7 , 7 , 18537
480 , 480 , 19 , 19 , 19432
512 , 512 , 19 , 19 , 20015
544 , 544 , 26 , 26 , 21012
576 , 576 , 26 , 26 , 22646
608 , 608 , 26 , 26 , 24359
640 , 640 , 33 , 33 , 25305
672 , 672 , 45 , 45 , 26471
704 , 704 , 74 , 74 , 28026
736 , 736 , 84 , 84 , 28548
768 , 768 , 84 , 84 , 28971
800 , 800 , 84 , 84 , 29372
832 , 832 , 86 , 86 , 29880
864 , 864 , 95 , 95 , 31526
896 , 896 , 104 , 104 , 32957
928 , 928 , 104 , 104 , 34525
960 , 960 , 104 , 104 , 36135
992 , 992 , 104 , 104 , 37726
1024 , 1024 , 125 , 125 , 39366
1056 , 1056 , 142 , 142 , 40723
1088 , 1088 , 162 , 162 , 45995
1120 , 1120 , 187 , 187 , 48607
1152 , 1152 , 219 , 219 , 50005
1184 , 1184 , 249 , 249 , 52120
1216 , 1216 , 263 , 263 , 53390
1248 , 1248 , 294 , 294 , 54580
1280 , 1280 , 325 , 325 , 55522
1312 , 1312 , 338 , 338 , 56096
1344 , 1344 , 338 , 338 , 56677
1376 , 1376 , 338 , 338 , 57266
1408 , 1408 , 361 , 361 , 57858
1440 , 1440 , 364 , 364 , 58277
1472 , 1472 , 364 , 364 , 58693
1504 , 1504 , 364 , 364 , 59110
1536 , 1536 , 364 , 364 , 59520
1568 , 1568 , 364 , 364 , 59938
1600 , 1600 , 364 , 364 , 60369
1632 , 1632 , 364 , 364 , 60783
1664 , 1664 , 364 , 364 , 61208
1696 , 1696 , 391 , 391 , 62440
1728 , 1728 , 400 , 400 , 63572
1760 , 1760 , 422 , 422 , 65226
1792 , 1792 , 444 , 444 , 66522
1824 , 1824 , 444 , 444 , 67844
1856 , 1856 , 461 , 461 , 68957
1888 , 1888 , 488 , 488 , 69743
1920 , 1920 , 510 , 510 , 70436
1952 , 1952 , 535 , 535 , 71758
1984 , 1984 , 567 , 567 , 73102
2016 , 2016 , 571 , 571 , 74418
2048 , 2048 , 577 , 577 , 75818
2080 , 2080 , 602 , 602 , 77314
2112 , 2112 , 616 , 616 , 78667
2144 , 2144 , 648 , 648 , 79916
2176 , 2176 , 652 , 652 , 81228
2208 , 2208 , 670 , 670 , 82177
2240 , 2240 , 679 , 679 , 82615
2272 , 2272 , 679 , 679 , 83085
2304 , 2304 , 679 , 679 , 83552
2336 , 2336 , 679 , 679 , 84023
2368 , 2368 , 679 , 679 , 84489
2400 , 2400 , 679 , 679 , 84958
2432 , 2432 , 679 , 679 , 85432
2464 , 2464 , 679 , 679 , 85903
2496 , 2496 , 705 , 705 , 87367
2528 , 2528 , 737 , 737 , 88303
2560 , 2560 , 769 , 769 , 89282
2592 , 2592 , 801 , 801 , 90533
2624 , 2624 , 832 , 832 , 91787
2656 , 2656 , 832 , 832 , 92971
2688 , 2688 , 855 , 855 , 94316
2720 , 2720 , 865 , 865 , 95863
2752 , 2752 , 887 , 887 , 96927
2784 , 2784 , 887 , 887 , 98010
2816 , 2816 , 912 , 912 , 99378
2848 , 2848 , 944 , 944 , 100651
2880 , 2880 , 965 , 965 , 102328
2912 , 2912 , 965 , 965 , 104040
2944 , 2944 , 987 , 987 , 105382
2976 , 2976 , 1006 , 1006 , 106110
3008 , 3008 , 1006 , 1006 , 106847
3040 , 3040 , 1006 , 1006 , 107624
3072 , 3072 , 1021 , 1021 , 108564
3104 , 3104 , 1053 , 1053 , 109689
3136 , 3136 , 1085 , 1085 , 110651
3168 , 3168 , 1108 , 1108 , 112243
3200 , 3200 , 1108 , 1108 , 113844
3232 , 3232 , 1108 , 1108 , 115407
3264 , 3264 , 1125 , 1125 , 116753
3296 , 3296 , 1154 , 1154 , 118068
3328 , 3328 , 1186 , 1186 , 119287
3360 , 3360 , 1208 , 1208 , 119932
3392 , 3392 , 1215 , 1215 , 120688
3424 , 3424 , 1247 , 1247 , 122025
3456 , 3456 , 1279 , 1279 , 123028
3488 , 3488 , 1311 , 1311 , 124159
3520 , 3520 , 1343 , 1343 , 125556
3552 , 3552 , 1375 , 1375 , 127372
3584 , 3584 , 1407 , 1407 , 128546
3616 , 3616 , 1423 , 1423 , 129691
3648 , 3648 , 1455 , 1455 , 130647
3680 , 3680 , 1487 , 1487 , 132147
3712 , 3712 , 1519 , 1519 , 133526
3744 , 3744 , 1551 , 1551 , 134715
3776 , 3776 , 1583 , 1583 , 135668
3808 , 3808 , 1615 , 1615 , 136838
3840 , 3840 , 1647 , 1647 , 137999
3872 , 3872 , 1679 , 1679 , 139359
3904 , 3904 , 1711 , 1711 , 140606
3936 , 3936 , 1738 , 1738 , 141122
3968 , 3968 , 1738 , 1738 , 141669
4000 , 4000 , 1738 , 1738 , 142185
4032 , 4032 , 1760 , 1760 , 143296
4064 , 4064 , 1786 , 1786 , 144460
4096 , 4096 , 1811 , 1811 , 145956
4128 , 4128 , 1821 , 1821 , 147612
4160 , 4160 , 1827 , 1827 , 149162
4192 , 4192 , 1859 , 1859 , 150403
4224 , 4224 , 1877 , 1877 , 151497
4256 , 4256 , 1901 , 1901 , 152587
4288 , 4288 , 1925 , 1925 , 153642
4320 , 4320 , 1957 , 1957 , 155052
4352 , 4352 , 1989 , 1989 , 156625
4384 , 4384 , 2013 , 2013 , 158430
4416 , 4416 , 2013 , 2013 , 160211
4448 , 4448 , 2029 , 2029 , 161731
4480 , 4480 , 2061 , 2061 , 162648
4512 , 4512 , 2080 , 2080 , 163104
4544 , 4544 , 2102 , 2102 , 164051
4576 , 4576 , 2128 , 2128 , 165057
4608 , 4608 , 2128 , 2128 , 166095
4640 , 4640 , 2128 , 2128 , 167144
4672 , 4672 , 2128 , 2128 , 168181
4704 , 4704 , 2143 , 2143 , 169219
4736 , 4736 , 2175 , 2175 , 170525
4768 , 4768 , 2207 , 2207 , 171781
4800 , 4800 , 2239 , 2239 , 173343
4832 , 4832 , 2266 , 2266 , 174634
4864 , 4864 , 2266 , 2266 , 175928
4896 , 4896 , 2271 , 2271 , 177268
4928 , 4928 , 2303 , 2303 , 178998
4960 , 4960 , 2314 , 2314 , 180722
4992 , 4992 , 2332 , 2332 , 182002
5024 , 5024 , 2364 , 2364 , 183070
5056 , 5056 , 2396 , 2396 , 183891
5088 , 5088 , 2421 , 2421 , 184433
5120 , 5120 , 2421 , 2421 , 184964
5152 , 5152 , 2421 , 2421 , 185494
5184 , 5184 , 2421 , 2421 , 186029
5216 , 5216 , 2442 , 2442 , 187096
5248 , 5248 , 2474 , 2474 , 188301
5280 , 5280 , 2486 , 2486 , 189561
5312 , 5312 , 2486 , 2486 , 190808
5344 , 5344 , 2498 , 2498 , 192300
5376 , 5376 , 2530 , 2530 , 193812
5408 , 5408 , 2562 , 2562 , 194941
5440 , 5440 , 2594 , 2594 , 196532
5472 , 5472 , 2626 , 2626 , 198161
5504 , 5504 , 2645 , 2645 , 199514
5536 , 5536 , 2677 , 2677 , 200851
5568 , 5568 , 2687 , 2687 , 202241
5600 , 5600 , 2719 , 2719 , 203493
5632 , 5632 , 2751 , 2751 , 204753
5664 , 5664 , 2783 , 2783 , 206379
5696 , 5696 , 2815 , 2815 , 207729
5728 , 5728 , 2847 , 2847 , 208980
5760 , 5760 , 2870 , 2870 , 210187
5792 , 5792 , 2902 , 2902 , 211447
5824 , 5824 , 2934 , 2934 , 212450
5856 , 5856 , 2966 , 2966 , 214193
5888 , 5888 , 2986 , 2986 , 216090
5920 , 5920 , 2986 , 2986 , 217913
5952 , 5952 , 3003 , 3003 , 219063
5984 , 5984 , 3035 , 3035 , 219711
6016 , 6016 , 3056 , 3056 , 220530
6048 , 6048 , 3088 , 3088 , 221552
6080 , 6080 , 3090 , 3090 , 222525
6112 , 6112 , 3090 , 3090 , 223572
6144 , 6144 , 3090 , 3090 , 224626
6176 , 6176 , 3090 , 3090 , 225623
6208 , 6208 , 3116 , 3116 , 226609
6240 , 6240 , 3147 , 3147 , 227630
6272 , 6272 , 3178 , 3178 , 229191
6304 , 6304 , 3204 , 3204 , 230795
6336 , 6336 , 3204 , 3204 , 232397
6368 , 6368 , 3226 , 3226 , 233701
6400 , 6400 , 3258 , 3258 , 234877
6432 , 6432 , 3287 , 3287 , 236028
6464 , 6464 , 3319 , 3319 , 236818
6496 , 6496 , 3351 , 3351 , 237231
6528 , 6528 , 3362 , 3362 , 237655
6560 , 6560 , 3362 , 3362 , 238074
6592 , 6592 , 3362 , 3362 , 238499
6624 , 6624 , 3362 , 3362 , 238924
6656 , 6656 , 3362 , 3362 , 239338
6688 , 6688 , 3362 , 3362 , 239752
6720 , 6720 , 3362 , 3362 , 240166
6752 , 6752 , 3390 , 3390 , 241324
6784 , 6784 , 3422 , 3422 , 243128
6816 , 6816 , 3454 , 3454 , 244568
6848 , 6848 , 3486 , 3486 , 245764
6880 , 6880 , 3518 , 3518 , 246330
6912 , 6912 , 3550 , 3550 , 246789
6944 , 6944 , 3552 , 3552 , 247262
6976 , 6976 , 3552 , 3552 , 247731
7008 , 7008 , 3552 , 3552 , 248196
7040 , 7040 , 3558 , 3558 , 248829
7072 , 7072 , 3590 , 3590 , 250164
7104 , 7104 , 3622 , 3622 , 251452
7136 , 7136 , 3654 , 3654 , 252297
7168 , 7168 , 3686 , 3686 , 254841
7200 , 7200 , 3718 , 3718 , 255896
7232 , 7232 , 3750 , 3750 , 256813
7264 , 7264 , 3782 , 3782 , 257260
7296 , 7296 , 3810 , 3810 , 257706
7328 , 7328 , 3810 , 3810 , 258158
7360 , 7360 , 3810 , 3810 , 258611
7392 , 7392 , 3810 , 3810 , 259068
7424 , 7424 , 3825 , 3825 , 259827
7456 , 7456 , 3857 , 3857 , 260993
7488 , 7488 , 3877 , 3877 , 262205
7520 , 7520 , 3898 , 3898 , 263271
7552 , 7552 , 3930 , 3930 , 264442
7584 , 7584 , 3962 , 3962 , 265366
7616 , 7616 , 3994 , 3994 , 266098
7648 , 7648 , 4026 , 4026 , 266728
7680 , 7680 , 4058 , 4058 , 267340
7712 , 7712 , 4090 , 4090 , 268881
7744 , 7744 , 4122 , 4122 , 270693
7776 , 7776 , 4135 , 4135 , 272490
7808 , 7808 , 4164 , 4164 , 273681
7840 , 7840 , 4196 , 4196 , 275279
7872 , 7872 , 4228 , 4228 , 276398
7904 , 7904 , 4260 , 4260 , 277003
7936 , 7936 , 4292 , 4292 , 277790
7968 , 7968 , 4324 , 4324 , 278901
8000 , 8000 , 4356 , 4356 , 279670
8032 , 8032 , 4388 , 4388 , 281128
8064 , 8064 , 4420 , 4420 , 281927
8096 , 8096 , 4452 , 4452 , 283062
8128 , 8128 , 4484 , 4484 , 284233
8160 , 8160 , 4516 , 4516 , 285381
8192 , 8192 , 4548 , 4548 , 286173
8224 , 8224 , 4580 , 4580 , 287155
8256 , 8256 , 4612 , 4612 , 288475
8288 , 8288 , 4644 , 4644 , 289925
8320 , 8320 , 4672 , 4672 , 291317
8352 , 8352 , 4678 , 4678 , 292571
8384 , 8384 , 4710 , 4710 , 294014
8416 , 8416 , 4742 , 4742 , 295773
8448 , 8448 , 4774 , 4774 , 297068
8480 , 8480 , 4806 , 4806 , 297623
8512 , 8512 , 4838 , 4838 , 298193
8544 , 8544 , 4856 , 4856 , 298749
8576 , 8576 , 4872 , 4872 , 299552
8608 , 8608 , 4904 , 4904 , 300407
8640 , 8640 , 4936 , 4936 , 302863
8672 , 8672 , 4968 , 4968 , 303573
8704 , 8704 , 5000 , 5000 , 304110
8736 , 8736 , 5030 , 5030 , 304639
8768 , 8768 , 5030 , 5030 , 305154
8800 , 8800 , 5030 , 5030 , 305685
8832 , 8832 , 5054 , 5054 , 307031
8864 , 8864 , 5086 , 5086 , 308715
8896 , 8896 , 5111 , 5111 , 310310
8928 , 8928 , 5141 , 5141 , 310893
8960 , 8960 , 5173 , 5173 , 311432
8992 , 8992 , 5194 , 5194 , 311963
9024 , 9024 , 5211 , 5211 , 312711
9056 , 9056 , 5243 , 5243 , 314478
9088 , 9088 , 5275 , 5275 , 316336
9120 , 9120 , 5299 , 5299 , 318098
9152 , 9152 , 5331 , 5331 , 319205
9184 , 9184 , 5363 , 5363 , 319976
9216 , 9216 , 5395 , 5395 , 320708
9248 , 9248 , 5426 , 5426 , 321452
9280 , 9280 , 5426 , 5426 , 322181
9312 , 9312 , 5452 , 5452 , 323124
9344 , 9344 , 5484 , 5484 , 324950
9376 , 9376 , 5516 , 5516 , 326846
9408 , 9408 , 5542 , 5542 , 328699
9440 , 9440 , 5562 , 5562 , 330304
9472 , 9472 , 5594 , 5594 , 331876
9504 , 9504 , 5626 , 5626 , 333561
9536 , 9536 , 5658 , 5658 , 335360
9568 , 9568 , 5690 , 5690 , 337999
9600 , 9600 , 5722 , 5722 , 339210
9632 , 9632 , 5754 , 5754 , 340491
9664 , 9664 , 5786 , 5786 , 341806
9696 , 9696 , 5818 , 5818 , 343034
9728 , 9728 , 5850 , 5850 , 344406
9760 , 9760 , 5882 , 5882 , 345821
9792 , 9792 , 5914 , 5914 , 347041
9824 , 9824 , 5946 , 5946 , 348318
9856 , 9856 , 5978 , 5978 , 349524
9888 , 9888 , 6010 , 6010 , 350511
9920 , 9920 , 6042 , 6042 , 351979
9952 , 9952 , 6074 , 6074 , 353373
9984 , 9984 , 6106 , 6106 , 354608
10016 , 10016 , 6138 , 6138 , 356355
10048 , 10048 , 6170 , 6170 , 357820
10080 , 10080 , 6202 , 6202 , 358593
10112 , 10112 , 6234 , 6234 , 359670
10144 , 10144 , 6266 , 6266 , 360881
10176 , 10176 , 6298 , 6298 , 362085
10208 , 10208 , 6330 , 6330 , 363508
10240 , 10240 , 6362 , 6362 , 364927
10272 , 10272 , 6394 , 6394 , 366397
10304 , 10304 , 6424 , 6424 , 367818
10336 , 10336 , 6449 , 6449 , 368975
10368 , 10368 , 6481 , 6481 , 370075
10400 , 10400 , 6513 , 6513 , 371128
10432 , 10432 , 6545 , 6545 , 372212
10464 , 10464 , 6577 , 6577 , 373394
10496 , 10496 , 6609 , 6609 , 374970
10528 , 10528 , 6641 , 6641 , 376174
10560 , 10560 , 6673 , 6673 , 377179
10592 , 10592 , 6705 , 6705 , 378209
10624 , 10624 , 6737 , 6737 , 379816
10656 , 10656 , 6769 , 6769 , 380582
10688 , 10688 , 6801 , 6801 , 381031
10720 , 10720 , 6833 , 6833 , 381967
10752 , 10752 , 6865 , 6865 , 383057
10784 , 10784 , 6897 , 6897 , 384425
10816 , 10816 , 6929 , 6929 , 386091
10848 , 10848 , 6961 , 6961 , 387754
10880 , 10880 , 6993 , 6993 , 388930
10912 , 10912 , 7025 , 7025 , 389837
10944 , 10944 , 7057 , 7057 , 391155
10976 , 10976 , 7089 , 7089 , 392458
11008 , 11008 , 7121 , 7121 , 393781
11040 , 11040 , 7153 , 7153 , 394809
11072 , 11072 , 7185 , 7185 , 395921
11104 , 11104 , 7217 , 7217 , 397411
11136 , 11136 , 7249 , 7249 , 399017
11168 , 11168 , 7281 , 7281 , 400190
11200 , 11200 , 7313 , 7313 , 401378
11232 , 11232 , 7345 , 7345 , 402490
11264 , 11264 , 7377 , 7377 , 403157
11296 , 11296 , 7409 , 7409 , 403574
11328 , 11328 , 7441 , 7441 , 403988
11360 , 11360 , 7466 , 7466 , 404406
11392 , 11392 , 7492 , 7492 , 405163
11424 , 11424 , 7524 , 7524 , 406035
11456 , 11456 , 7556 , 7556 , 406790
11488 , 11488 , 7588 , 7588 , 407380
11520 , 11520 , 7620 , 7620 , 408208
11552 , 11552 , 7652 , 7652 , 412608
11584 , 11584 , 7684 , 7684 , 416017
11616 , 11616 , 7716 , 7716 , 417401
