32 , 32 , 0 , 0 , 1019
64 , 64 , 0 , 0 , 1610
96 , 96 , 0 , 0 , 2506
128 , 128 , 0 , 0 , 3789
160 , 160 , 0 , 0 , 4842
192 , 192 , 0 , 0 , 5971
224 , 224 , 0 , 0 , 6983
256 , 256 , 0 , 0 , 9018
288 , 288 , 0 , 0 , 11059
320 , 320 , 0 , 0 , 13068
352 , 352 , 4 , 4 , 14385
384 , 384 , 4 , 4 , 15578
416 , 416 , 4 , 4 , 16870
448 , 448 , 7 , 7 , 17915
480 , 480 , 7 , 7 , 18468
512 , 512 , 7 , 7 , 19043
544 , 544 , 7 , 7 , 19616
576 , 576 , 9 , 9 , 20631
608 , 608 , 9 , 9 , 22266
640 , 640 , 9 , 9 , 23868
672 , 672 , 16 , 16 , 24935
704 , 704 , 18 , 18 , 25941
736 , 736 , 20 , 20 , 26954
768 , 768 , 20 , 20 , 28040
800 , 800 , 20 , 20 , 29083
832 , 832 , 20 , 20 , 30093
864 , 864 , 21 , 21 , 31090
896 , 896 , 26 , 26 , 31736
928 , 928 , 26 , 26 , 32372
960 , 960 , 38 , 38 , 33501
992 , 992 , 49 , 49 , 34824
1024 , 1024 , 59 , 59 , 36021
1056 , 1056 , 67 , 67 , 37178
1088 , 1088 , 86 , 86 , 38410
1120 , 1120 , 91 , 91 , 40024
1152 , 1152 , 104 , 104 , 41285
1184 , 1184 , 120 , 120 , 42412
1216 , 1216 , 121 , 121 , 42865
1248 , 1248 , 128 , 128 , 44008
1280 , 1280 , 141 , 141 , 45879
1312 , 1312 , 145 , 145 , 47381
1344 , 1344 , 156 , 156 , 48130
1376 , 1376 , 156 , 156 , 48544
1408 , 1408 , 156 , 156 , 48961
1440 , 1440 , 156 , 156 , 49383
1472 , 1472 , 171 , 171 , 50434
1504 , 1504 , 179 , 179 , 51605
1536 , 1536 , 180 , 180 , 52690
1568 , 1568 , 188 , 188 , 53216
1600 , 1600 , 188 , 188 , 53756
1632 , 1632 , 188 , 188 , 54283
1664 , 1664 , 198 , 198 , 55207
1696 , 1696 , 209 , 209 , 56135
1728 , 1728 , 215 , 215 , 56573
1760 , 1760 , 215 , 215 , 57039
1792 , 1792 , 215 , 215 , 57493
1824 , 1824 , 215 , 215 , 57944
1856 , 1856 , 215 , 215 , 58396
1888 , 1888 , 215 , 215 , 58844
1920 , 1920 , 215 , 215 , 59296
1952 , 1952 , 215 , 215 , 59737
1984 , 1984 , 231 , 231 , 60362
2016 , 2016 , 250 , 250 , 61001
2048 , 2048 , 252 , 252 , 62064
2080 , 2080 , 273 , 273 , 63260
2112 , 2112 , 276 , 276 , 65082
2144 , 2144 , 276 , 276 , 66870
2176 , 2176 , 284 , 284 , 68326
2208 , 2208 , 308 , 308 , 69101
2240 , 2240 , 330 , 330 , 69716
2272 , 2272 , 336 , 336 , 70129
2304 , 2304 , 336 , 336 , 70550
2336 , 2336 , 336 , 336 , 70966
2368 , 2368 , 336 , 336 , 71376
2400 , 2400 , 336 , 336 , 71797
2432 , 2432 , 336 , 336 , 72216
2464 , 2464 , 336 , 336 , 72626
2496 , 2496 , 336 , 336 , 73044
2528 , 2528 , 352 , 352 , 74468
2560 , 2560 , 352 , 352 , 76538
2592 , 2592 , 352 , 352 , 78559
2624 , 2624 , 360 , 360 , 80136
2656 , 2656 , 387 , 387 , 81063
2688 , 2688 , 392 , 392 , 82138
2720 , 2720 , 397 , 397 , 83236
2752 , 2752 , 429 , 429 , 84198
2784 , 2784 , 460 , 460 , 85178
2816 , 2816 , 483 , 483 , 85790
2848 , 2848 , 491 , 491 , 86438
2880 , 2880 , 497 , 497 , 87137
2912 , 2912 , 529 , 529 , 88552
2944 , 2944 , 549 , 549 , 89614
2976 , 2976 , 562 , 562 , 92136
3008 , 3008 , 594 , 594 , 93276
3040 , 3040 , 607 , 607 , 93721
3072 , 3072 , 607 , 607 , 94180
3104 , 3104 , 607 , 607 , 94620
3136 , 3136 , 607 , 607 , 95074
3168 , 3168 , 607 , 607 , 95535
3200 , 3200 , 622 , 622 , 96139
3232 , 3232 , 654 , 654 , 97473
3264 , 3264 , 654 , 654 , 99147
3296 , 3296 , 657 , 657 , 100730
3328 , 3328 , 687 , 687 , 101703
3360 , 3360 , 719 , 719 , 102569
3392 , 3392 , 738 , 738 , 103922
3424 , 3424 , 770 , 770 , 104816
3456 , 3456 , 792 , 792 , 106016
3488 , 3488 , 796 , 796 , 107195
3520 , 3520 , 828 , 828 , 108397
3552 , 3552 , 848 , 848 , 109732
3584 , 3584 , 873 , 873 , 110954
3616 , 3616 , 905 , 905 , 111895
3648 , 3648 , 937 , 937 , 113096
3680 , 3680 , 953 , 953 , 114757
3712 , 3712 , 953 , 953 , 116484
3744 , 3744 , 978 , 978 , 117671
3776 , 3776 , 1001 , 1001 , 118818
3808 , 3808 , 1006 , 1006 , 119892
3840 , 3840 , 1038 , 1038 , 121641
3872 , 3872 , 1070 , 1070 , 122367
3904 , 3904 , 1102 , 1102 , 123742
3936 , 3936 , 1134 , 1134 , 125199
3968 , 3968 , 1166 , 1166 , 126368
4000 , 4000 , 1196 , 1196 , 127778
4032 , 4032 , 1220 , 1220 , 129311
4064 , 4064 , 1235 , 1235 , 130359
4096 , 4096 , 1267 , 1267 , 131292
4128 , 4128 , 1284 , 1284 , 132260
4160 , 4160 , 1284 , 1284 , 133227
4192 , 4192 , 1284 , 1284 , 134202
4224 , 4224 , 1284 , 1284 , 135132
4256 , 4256 , 1284 , 1284 , 136086
4288 , 4288 , 1306 , 1306 , 137190
4320 , 4320 , 1338 , 1338 , 138922
4352 , 4352 , 1368 , 1368 , 139473
4384 , 4384 , 1368 , 1368 , 140038
4416 , 4416 , 1368 , 1368 , 140602
4448 , 4448 , 1388 , 1388 , 141385
4480 , 4480 , 1420 , 1420 , 142953
4512 , 4512 , 1433 , 1433 , 144025
4544 , 4544 , 1433 , 1433 , 145047
4576 , 4576 , 1433 , 1433 , 146091
4608 , 4608 , 1433 , 1433 , 147126
4640 , 4640 , 1454 , 1454 , 148262
4672 , 4672 , 1465 , 1465 , 149453
4704 , 4704 , 1485 , 1485 , 150793
4736 , 4736 , 1517 , 1517 , 151577
4768 , 4768 , 1549 , 1549 , 152861
4800 , 4800 , 1561 , 1561 , 154118
4832 , 4832 , 1584 , 1584 , 155468
4864 , 4864 , 1612 , 1612 , 156618
4896 , 4896 , 1644 , 1644 , 157513
4928 , 4928 , 1676 , 1676 , 158879
4960 , 4960 , 1708 , 1708 , 160752
4992 , 4992 , 1724 , 1724 , 162068
5024 , 5024 , 1724 , 1724 , 163409
5056 , 5056 , 1735 , 1735 , 164686
5088 , 5088 , 1764 , 1764 , 165893
5120 , 5120 , 1764 , 1764 , 167051
5152 , 5152 , 1781 , 1781 , 167921
5184 , 5184 , 1802 , 1802 , 168532
5216 , 5216 , 1818 , 1818 , 169654
5248 , 5248 , 1850 , 1850 , 170928
5280 , 5280 , 1882 , 1882 , 172211
5312 , 5312 , 1914 , 1914 , 173726
5344 , 5344 , 1930 , 1930 , 175411
5376 , 5376 , 1930 , 1930 , 176971
5408 , 5408 , 1962 , 1962 , 177586
5440 , 5440 , 1979 , 1979 , 178058
5472 , 5472 , 2009 , 2009 , 178979
5504 , 5504 , 2041 , 2041 , 179792
5536 , 5536 , 2073 , 2073 , 181418
5568 , 5568 , 2088 , 2088 , 182860
5600 , 5600 , 2120 , 2120 , 183472
5632 , 5632 , 2129 , 2129 , 184114
5664 , 5664 , 2161 , 2161 , 185421
5696 , 5696 , 2191 , 2191 , 186853
5728 , 5728 , 2223 , 2223 , 188294
5760 , 5760 , 2255 , 2255 , 189602
5792 , 5792 , 2287 , 2287 , 191147
5824 , 5824 , 2319 , 2319 , 192722
5856 , 5856 , 2323 , 2323 , 194299
5888 , 5888 , 2324 , 2324 , 195890
5920 , 5920 , 2356 , 2356 , 197570
5952 , 5952 , 2369 , 2369 , 199314
5984 , 5984 , 2387 , 2387 , 200589
6016 , 6016 , 2419 , 2419 , 201631
6048 , 6048 , 2451 , 2451 , 202774
6080 , 6080 , 2472 , 2472 , 203913
6112 , 6112 , 2504 , 2504 , 205172
6144 , 6144 , 2536 , 2536 , 206473
6176 , 6176 , 2546 , 2546 , 207796
6208 , 6208 , 2578 , 2578 , 208624
6240 , 6240 , 2610 , 2610 , 209628
6272 , 6272 , 2634 , 2634 , 210642
6304 , 6304 , 2663 , 2663 , 213341
6336 , 6336 , 2695 , 2695 , 214516
6368 , 6368 , 2727 , 2727 , 216218
6400 , 6400 , 2731 , 2731 , 217995
6432 , 6432 , 2731 , 2731 , 219676
6464 , 6464 , 2755 , 2755 , 220428
6496 , 6496 , 2787 , 2787 , 220889
6528 , 6528 , 2787 , 2787 , 221341
6560 , 6560 , 2787 , 2787 , 221799
6592 , 6592 , 2787 , 2787 , 222260
6624 , 6624 , 2789 , 2789 , 222798
6656 , 6656 , 2821 , 2821 , 224387
6688 , 6688 , 2845 , 2845 , 225992
6720 , 6720 , 2845 , 2845 , 227596
6752 , 6752 , 2870 , 2870 , 229086
6784 , 6784 , 2902 , 2902 , 230188
6816 , 6816 , 2931 , 2931 , 231296
6848 , 6848 , 2957 , 2957 , 232719
6880 , 6880 , 2989 , 2989 , 233751
6912 , 6912 , 3021 , 3021 , 234950
6944 , 6944 , 3053 , 3053 , 236100
6976 , 6976 , 3085 , 3085 , 236991
7008 , 7008 , 3117 , 3117 , 238430
7040 , 7040 , 3149 , 3149 , 239139
7072 , 7072 , 3165 , 3165 , 239839
7104 , 7104 , 3165 , 3165 , 240584
7136 , 7136 , 3179 , 3179 , 241229
7168 , 7168 , 3211 , 3211 , 241773
7200 , 7200 , 3224 , 3224 , 242327
7232 , 7232 , 3224 , 3224 , 242867
7264 , 7264 , 3224 , 3224 , 243414
7296 , 7296 , 3242 , 3242 , 244674
7328 , 7328 , 3274 , 3274 , 246386
7360 , 7360 , 3306 , 3306 , 247762
7392 , 7392 , 3338 , 3338 , 248940
7424 , 7424 , 3370 , 3370 , 250235
7456 , 7456 , 3402 , 3402 , 251443
7488 , 7488 , 3434 , 3434 , 253070
7520 , 7520 , 3466 , 3466 , 254603
7552 , 7552 , 3498 , 3498 , 256472
7584 , 7584 , 3519 , 3519 , 258251
7616 , 7616 , 3536 , 3536 , 259687
7648 , 7648 , 3568 , 3568 , 260736
7680 , 7680 , 3600 , 3600 , 261665
7712 , 7712 , 3632 , 3632 , 262692
7744 , 7744 , 3664 , 3664 , 264062
7776 , 7776 , 3696 , 3696 , 265513
7808 , 7808 , 3728 , 3728 , 266644
7840 , 7840 , 3760 , 3760 , 267862
7872 , 7872 , 3792 , 3792 , 269034
7904 , 7904 , 3824 , 3824 , 270285
7936 , 7936 , 3856 , 3856 , 271612
7968 , 7968 , 3888 , 3888 , 272940
8000 , 8000 , 3896 , 3896 , 274244
8032 , 8032 , 3903 , 3903 , 275581
8064 , 8064 , 3935 , 3935 , 276968
8096 , 8096 , 3967 , 3967 , 278624
8128 , 8128 , 3984 , 3984 , 280285
8160 , 8160 , 4007 , 4007 , 285279
8192 , 8192 , 4039 , 4039 , 287309
8224 , 8224 , 4071 , 4071 , 288266
8256 , 8256 , 4103 , 4103 , 289632
8288 , 8288 , 4135 , 4135 , 290625
8320 , 8320 , 4167 , 4167 , 291642
8352 , 8352 , 4179 , 4179 , 292604
8384 , 8384 , 4179 , 4179 , 293579
8416 , 8416 , 4179 , 4179 , 294553
8448 , 8448 , 4190 , 4190 , 295347
8480 , 8480 , 4222 , 4222 , 296461
8512 , 8512 , 4254 , 4254 , 297185
8544 , 8544 , 4286 , 4286 , 297725
8576 , 8576 , 4305 , 4305 , 298249
8608 , 8608 , 4319 , 4319 , 298943
8640 , 8640 , 4351 , 4351 , 300510
8672 , 8672 , 4383 , 4383 , 302102
8704 , 8704 , 4415 , 4415 , 303621
8736 , 8736 , 4447 , 4447 , 305419
8768 , 8768 , 4479 , 4479 , 307351
8800 , 8800 , 4511 , 4511 , 308826
8832 , 8832 , 4543 , 4543 , 309904
8864 , 8864 , 4575 , 4575 , 310876
8896 , 8896 , 4607 , 4607 , 312253
8928 , 8928 , 4639 , 4639 , 313675
8960 , 8960 , 4671 , 4671 , 315012
8992 , 8992 , 4703 , 4703 , 316371
9024 , 9024 , 4717 , 4717 , 317690
9056 , 9056 , 4743 , 4743 , 318627
9088 , 9088 , 4775 , 4775 , 319597
9120 , 9120 , 4807 , 4807 , 321012
9152 , 9152 , 4839 , 4839 , 322087
9184 , 9184 , 4871 , 4871 , 323233
9216 , 9216 , 4903 , 4903 , 324609
9248 , 9248 , 4935 , 4935 , 325339
9280 , 9280 , 4967 , 4967 , 326907
9312 , 9312 , 4999 , 4999 , 328498
9344 , 9344 , 5018 , 5018 , 330082
9376 , 9376 , 5031 , 5031 , 331682
9408 , 9408 , 5063 , 5063 , 332948
9440 , 9440 , 5095 , 5095 , 334184
9472 , 9472 , 5127 , 5127 , 335230
9504 , 9504 , 5159 , 5159 , 336502
9536 , 9536 , 5191 , 5191 , 337862
9568 , 9568 , 5223 , 5223 , 338285
9600 , 9600 , 5255 , 5255 , 338696
9632 , 9632 , 5278 , 5278 , 339117
9664 , 9664 , 5278 , 5278 , 339547
9696 , 9696 , 5278 , 5278 , 339970
9728 , 9728 , 5278 , 5278 , 340379
9760 , 9760 , 5278 , 5278 , 340796
9792 , 9792 , 5278 , 5278 , 341202
9824 , 9824 , 5293 , 5293 , 341968
9856 , 9856 , 5325 , 5325 , 343206
9888 , 9888 , 5357 , 5357 , 344558
9920 , 9920 , 5389 , 5389 , 345910
9952 , 9952 , 5404 , 5404 , 347293
9984 , 9984 , 5436 , 5436 , 348466
10016 , 10016 , 5468 , 5468 , 349715
10048 , 10048 , 5500 , 5500 , 350980
10080 , 10080 , 5524 , 5524 , 352185
10112 , 10112 , 5542 , 5542 , 353276
10144 , 10144 , 5574 , 5574 , 354251
10176 , 10176 , 5606 , 5606 , 355513
10208 , 10208 , 5638 , 5638 , 356935
10240 , 10240 , 5670 , 5670 , 358322
10272 , 10272 , 5702 , 5702 , 359305
10304 , 10304 , 5734 , 5734 , 360363
10336 , 10336 , 5766 , 5766 , 361573
10368 , 10368 , 5798 , 5798 , 362761
10400 , 10400 , 5830 , 5830 , 363988
10432 , 10432 , 5862 , 5862 , 365226
10464 , 10464 , 5885 , 5885 , 366263
10496 , 10496 , 5917 , 5917 , 367210
10528 , 10528 , 5949 , 5949 , 368225
10560 , 10560 , 5981 , 5981 , 369006
10592 , 10592 , 6013 , 6013 , 369587
10624 , 10624 , 6045 , 6045 , 370815
10656 , 10656 , 6077 , 6077 , 372272
10688 , 10688 , 6109 , 6109 , 373671
10720 , 10720 , 6141 , 6141 , 374513
10752 , 10752 , 6173 , 6173 , 375739
10784 , 10784 , 6205 , 6205 , 376540
10816 , 10816 , 6237 , 6237 , 377388
10848 , 10848 , 6269 , 6269 , 378524
10880 , 10880 , 6301 , 6301 , 379246
10912 , 10912 , 6333 , 6333 , 379960
10944 , 10944 , 6363 , 6363 , 380706
10976 , 10976 , 6378 , 6378 , 382420
11008 , 11008 , 6410 , 6410 , 386131
11040 , 11040 , 6442 , 6442 , 389489
11072 , 11072 , 6474 , 6474 , 392404
