32 , 32 , 0 , 0 , 1055
64 , 64 , 0 , 0 , 2803
96 , 96 , 0 , 0 , 4389
128 , 128 , 0 , 0 , 5509
160 , 160 , 0 , 0 , 8826
192 , 192 , 0 , 0 , 12150
224 , 224 , 0 , 0 , 12758
256 , 256 , 0 , 0 , 13345
288 , 288 , 0 , 0 , 13933
320 , 320 , 0 , 0 , 14583
352 , 352 , 2 , 2 , 15375
384 , 384 , 2 , 2 , 16003
416 , 416 , 4 , 4 , 16821
448 , 448 , 15 , 15 , 17794
480 , 480 , 20 , 20 , 18338
512 , 512 , 20 , 20 , 18864
544 , 544 , 20 , 20 , 19404
576 , 576 , 24 , 24 , 19968
608 , 608 , 41 , 41 , 20978
640 , 640 , 44 , 44 , 22088
672 , 672 , 47 , 47 , 23179
704 , 704 , 53 , 53 , 24249
736 , 736 , 61 , 61 , 25069
768 , 768 , 75 , 75 , 26373
800 , 800 , 75 , 75 , 27877
832 , 832 , 92 , 92 , 29110
864 , 864 , 98 , 98 , 29706
896 , 896 , 98 , 98 , 30298
928 , 928 , 107 , 107 , 31894
960 , 960 , 107 , 107 , 33578
992 , 992 , 116 , 116 , 35199
1024 , 1024 , 137 , 137 , 36381
1056 , 1056 , 165 , 165 , 37768
1088 , 1088 , 172 , 172 , 39164
1120 , 1120 , 172 , 172 , 40896
1152 , 1152 , 172 , 172 , 42661
1184 , 1184 , 183 , 183 , 44191
1216 , 1216 , 201 , 201 , 45037
1248 , 1248 , 201 , 201 , 45788
1280 , 1280 , 201 , 201 , 46524
1312 , 1312 , 201 , 201 , 47275
1344 , 1344 , 224 , 224 , 48348
1376 , 1376 , 234 , 234 , 48955
1408 , 1408 , 234 , 234 , 49374
1440 , 1440 , 234 , 234 , 49796
1472 , 1472 , 234 , 234 , 50220
1504 , 1504 , 234 , 234 , 50645
1536 , 1536 , 234 , 234 , 51066
1568 , 1568 , 234 , 234 , 51490
1600 , 1600 , 234 , 234 , 51906
1632 , 1632 , 234 , 234 , 52319
1664 , 1664 , 250 , 250 , 52958
1696 , 1696 , 253 , 253 , 54728
1728 , 1728 , 262 , 262 , 56286
1760 , 1760 , 282 , 282 , 57871
1792 , 1792 , 282 , 282 , 59633
1824 , 1824 , 303 , 303 , 60907
1856 , 1856 , 303 , 303 , 62000
1888 , 1888 , 332 , 332 , 62954
1920 , 1920 , 344 , 344 , 64541
1952 , 1952 , 358 , 358 , 66025
1984 , 1984 , 386 , 386 , 67322
2016 , 2016 , 408 , 408 , 68971
2048 , 2048 , 425 , 425 , 70848
2080 , 2080 , 425 , 425 , 72581
2112 , 2112 , 440 , 440 , 73794
2144 , 2144 , 440 , 440 , 74950
2176 , 2176 , 468 , 468 , 76351
2208 , 2208 , 492 , 492 , 77890
2240 , 2240 , 492 , 492 , 79632
2272 , 2272 , 516 , 516 , 80806
2304 , 2304 , 535 , 535 , 81826
2336 , 2336 , 551 , 551 , 82375
2368 , 2368 , 551 , 551 , 82908
2400 , 2400 , 551 , 551 , 83465
2432 , 2432 , 551 , 551 , 84010
2464 , 2464 , 555 , 555 , 84640
2496 , 2496 , 565 , 565 , 85803
2528 , 2528 , 565 , 565 , 86992
2560 , 2560 , 575 , 575 , 88369
2592 , 2592 , 581 , 581 , 90141
2624 , 2624 , 595 , 595 , 91613
2656 , 2656 , 617 , 617 , 93069
2688 , 2688 , 621 , 621 , 94832
2720 , 2720 , 638 , 638 , 96229
2752 , 2752 , 670 , 670 , 97459
2784 , 2784 , 702 , 702 , 99461
2816 , 2816 , 725 , 725 , 101074
2848 , 2848 , 725 , 725 , 102795
2880 , 2880 , 747 , 747 , 104335
2912 , 2912 , 766 , 766 , 105532
2944 , 2944 , 794 , 794 , 107110
2976 , 2976 , 794 , 794 , 108878
3008 , 3008 , 825 , 825 , 110074
3040 , 3040 , 857 , 857 , 111644
3072 , 3072 , 859 , 859 , 113389
3104 , 3104 , 885 , 885 , 114790
3136 , 3136 , 898 , 898 , 116271
3168 , 3168 , 929 , 929 , 117014
3200 , 3200 , 950 , 950 , 118022
3232 , 3232 , 961 , 961 , 119052
3264 , 3264 , 993 , 993 , 120548
3296 , 3296 , 1025 , 1025 , 121712
3328 , 3328 , 1042 , 1042 , 122288
3360 , 3360 , 1051 , 1051 , 123013
3392 , 3392 , 1083 , 1083 , 123942
3424 , 3424 , 1092 , 1092 , 125103
3456 , 3456 , 1124 , 1124 , 126666
3488 , 3488 , 1134 , 1134 , 128391
3520 , 3520 , 1157 , 1157 , 130030
3552 , 3552 , 1162 , 1162 , 131775
3584 , 3584 , 1170 , 1170 , 133358
3616 , 3616 , 1202 , 1202 , 135155
3648 , 3648 , 1234 , 1234 , 136830
3680 , 3680 , 1245 , 1245 , 137966
3712 , 3712 , 1245 , 1245 , 139059
3744 , 3744 , 1268 , 1268 , 140015
3776 , 3776 , 1300 , 1300 , 141138
3808 , 3808 , 1312 , 1312 , 142378
3840 , 3840 , 1312 , 1312 , 143621
3872 , 3872 , 1325 , 1325 , 144875
3904 , 3904 , 1357 , 1357 , 146353
3936 , 3936 , 1376 , 1376 , 148189
3968 , 3968 , 1376 , 1376 , 150013
4000 , 4000 , 1394 , 1394 , 151200
4032 , 4032 , 1426 , 1426 , 152265
4064 , 4064 , 1457 , 1457 , 153771
4096 , 4096 , 1481 , 1481 , 154898
4128 , 4128 , 1499 , 1499 , 155926
4160 , 4160 , 1523 , 1523 , 157000
4192 , 4192 , 1554 , 1554 , 158074
4224 , 4224 , 1586 , 1586 , 158908
4256 , 4256 , 1618 , 1618 , 160522
4288 , 4288 , 1622 , 1622 , 162119
4320 , 4320 , 1622 , 1622 , 163724
4352 , 4352 , 1647 , 1647 , 164404
4384 , 4384 , 1662 , 1662 , 164856
4416 , 4416 , 1662 , 1662 , 165303
4448 , 4448 , 1662 , 1662 , 165755
4480 , 4480 , 1662 , 1662 , 166209
4512 , 4512 , 1662 , 1662 , 166669
4544 , 4544 , 1662 , 1662 , 167127
4576 , 4576 , 1662 , 1662 , 167566
4608 , 4608 , 1668 , 1668 , 168007
4640 , 4640 , 1700 , 1700 , 168426
4672 , 4672 , 1709 , 1709 , 168838
4704 , 4704 , 1709 , 1709 , 169256
4736 , 4736 , 1720 , 1720 , 170089
4768 , 4768 , 1752 , 1752 , 171209
4800 , 4800 , 1767 , 1767 , 172222
4832 , 4832 , 1798 , 1798 , 172910
4864 , 4864 , 1823 , 1823 , 173371
4896 , 4896 , 1823 , 1823 , 173826
4928 , 4928 , 1823 , 1823 , 174258
4960 , 4960 , 1823 , 1823 , 174719
4992 , 4992 , 1823 , 1823 , 175171
5024 , 5024 , 1850 , 1850 , 178954
5056 , 5056 , 1882 , 1882 , 181462
5088 , 5088 , 1914 , 1914 , 182794
5120 , 5120 , 1946 , 1946 , 183682
5152 , 5152 , 1977 , 1977 , 184448
5184 , 5184 , 2009 , 2009 , 185728
5216 , 5216 , 2031 , 2031 , 187053
5248 , 5248 , 2056 , 2056 , 188219
5280 , 5280 , 2088 , 2088 , 189327
5312 , 5312 , 2120 , 2120 , 190452
5344 , 5344 , 2152 , 2152 , 191607
5376 , 5376 , 2169 , 2169 , 192806
5408 , 5408 , 2201 , 2201 , 194035
5440 , 5440 , 2233 , 2233 , 195130
5472 , 5472 , 2253 , 2253 , 196215
5504 , 5504 , 2281 , 2281 , 197777
5536 , 5536 , 2313 , 2313 , 199443
5568 , 5568 , 2316 , 2316 , 201104
5600 , 5600 , 2348 , 2348 , 205106
5632 , 5632 , 2380 , 2380 , 206855
5664 , 5664 , 2412 , 2412 , 208185
5696 , 5696 , 2444 , 2444 , 209257
5728 , 5728 , 2476 , 2476 , 210203
5760 , 5760 , 2508 , 2508 , 211282
5792 , 5792 , 2540 , 2540 , 212259
5824 , 5824 , 2572 , 2572 , 214065
5856 , 5856 , 2587 , 2587 , 215874
5888 , 5888 , 2598 , 2598 , 217557
5920 , 5920 , 2630 , 2630 , 218745
5952 , 5952 , 2662 , 2662 , 219976
5984 , 5984 , 2694 , 2694 , 220716
6016 , 6016 , 2726 , 2726 , 221591
6048 , 6048 , 2758 , 2758 , 222620
6080 , 6080 , 2767 , 2767 , 223638
6112 , 6112 , 2767 , 2767 , 224687
6144 , 6144 , 2767 , 2767 , 225695
6176 , 6176 , 2787 , 2787 , 226773
6208 , 6208 , 2819 , 2819 , 227774
6240 , 6240 , 2835 , 2835 , 228784
6272 , 6272 , 2835 , 2835 , 229762
6304 , 6304 , 2835 , 2835 , 230739
6336 , 6336 , 2835 , 2835 , 231768
6368 , 6368 , 2853 , 2853 , 233305
6400 , 6400 , 2885 , 2885 , 235341
6432 , 6432 , 2897 , 2897 , 237366
6464 , 6464 , 2903 , 2903 , 239229
6496 , 6496 , 2935 , 2935 , 239897
6528 , 6528 , 2967 , 2967 , 240361
6560 , 6560 , 2999 , 2999 , 241665
6592 , 6592 , 3031 , 3031 , 243390
6624 , 6624 , 3063 , 3063 , 245262
6656 , 6656 , 3069 , 3069 , 247128
6688 , 6688 , 3082 , 3082 , 248893
6720 , 6720 , 3114 , 3114 , 250117
6752 , 6752 , 3146 , 3146 , 251152
6784 , 6784 , 3153 , 3153 , 252173
6816 , 6816 , 3153 , 3153 , 253198
6848 , 6848 , 3153 , 3153 , 254199
6880 , 6880 , 3183 , 3183 , 255415
6912 , 6912 , 3215 , 3215 , 256648
6944 , 6944 , 3247 , 3247 , 257828
6976 , 6976 , 3279 , 3279 , 259046
7008 , 7008 , 3311 , 3311 , 260157
7040 , 7040 , 3343 , 3343 , 261329
7072 , 7072 , 3375 , 3375 , 262467
7104 , 7104 , 3407 , 3407 , 263456
7136 , 7136 , 3439 , 3439 , 263929
7168 , 7168 , 3471 , 3471 , 264372
7200 , 7200 , 3491 , 3491 , 264823
7232 , 7232 , 3491 , 3491 , 265280
7264 , 7264 , 3491 , 3491 , 265728
7296 , 7296 , 3491 , 3491 , 266176
7328 , 7328 , 3491 , 3491 , 266648
7360 , 7360 , 3491 , 3491 , 267095
7392 , 7392 , 3491 , 3491 , 267541
7424 , 7424 , 3523 , 3523 , 268586
7456 , 7456 , 3555 , 3555 , 269681
7488 , 7488 , 3587 , 3587 , 270877
7520 , 7520 , 3619 , 3619 , 272101
7552 , 7552 , 3651 , 3651 , 273274
7584 , 7584 , 3683 , 3683 , 274686
7616 , 7616 , 3715 , 3715 , 276186
7648 , 7648 , 3747 , 3747 , 277776
7680 , 7680 , 3768 , 3768 , 279406
7712 , 7712 , 3768 , 3768 , 280953
7744 , 7744 , 3800 , 3800 , 282557
7776 , 7776 , 3832 , 3832 , 284048
7808 , 7808 , 3864 , 3864 , 285783
7840 , 7840 , 3896 , 3896 , 286801
7872 , 7872 , 3928 , 3928 , 287974
7904 , 7904 , 3960 , 3960 , 288737
7936 , 7936 , 3992 , 3992 , 289481
7968 , 7968 , 4024 , 4024 , 290177
8000 , 8000 , 4056 , 4056 , 291575
8032 , 8032 , 4088 , 4088 , 292871
8064 , 8064 , 4099 , 4099 , 294206
8096 , 8096 , 4114 , 4114 , 295504
8128 , 8128 , 4146 , 4146 , 296296
8160 , 8160 , 4178 , 4178 , 296959
8192 , 8192 , 4210 , 4210 , 298311
8224 , 8224 , 4242 , 4242 , 299732
8256 , 8256 , 4274 , 4274 , 301312
8288 , 8288 , 4306 , 4306 , 302882
8320 , 8320 , 4338 , 4338 , 304526
8352 , 8352 , 4370 , 4370 , 306326
8384 , 8384 , 4402 , 4402 , 308113
8416 , 8416 , 4423 , 4423 , 309640
8448 , 8448 , 4455 , 4455 , 310787
8480 , 8480 , 4487 , 4487 , 311877
8512 , 8512 , 4519 , 4519 , 312550
8544 , 8544 , 4551 , 4551 , 313211
8576 , 8576 , 4583 , 4583 , 314223
8608 , 8608 , 4615 , 4615 , 315625
8640 , 8640 , 4647 , 4647 , 317252
8672 , 8672 , 4679 , 4679 , 318813
8704 , 8704 , 4711 , 4711 , 322537
8736 , 8736 , 4743 , 4743 , 325895
8768 , 8768 , 4775 , 4775 , 327366
8800 , 8800 , 4807 , 4807 , 328768
8832 , 8832 , 4839 , 4839 , 330204
8864 , 8864 , 4856 , 4856 , 331660
8896 , 8896 , 4884 , 4884 , 332931
8928 , 8928 , 4916 , 4916 , 334191
8960 , 8960 , 4948 , 4948 , 334937
8992 , 8992 , 4980 , 4980 , 335674
9024 , 9024 , 4998 , 4998 , 336423
9056 , 9056 , 5012 , 5012 , 337301
9088 , 9088 , 5044 , 5044 , 338207
9120 , 9120 , 5076 , 5076 , 340064
9152 , 9152 , 5108 , 5108 , 341390
9184 , 9184 , 5140 , 5140 , 342425
9216 , 9216 , 5172 , 5172 , 343565
9248 , 9248 , 5204 , 5204 , 344540
9280 , 9280 , 5236 , 5236 , 345432
9312 , 9312 , 5268 , 5268 , 346518
9344 , 9344 , 5300 , 5300 , 347601
9376 , 9376 , 5332 , 5332 , 349195
9408 , 9408 , 5364 , 5364 , 350633
9440 , 9440 , 5396 , 5396 , 352278
9472 , 9472 , 5428 , 5428 , 353216
9504 , 9504 , 5460 , 5460 , 354220
9536 , 9536 , 5471 , 5471 , 355180
9568 , 9568 , 5471 , 5471 , 356182
9600 , 9600 , 5471 , 5471 , 357190
9632 , 9632 , 5496 , 5496 , 358287
9664 , 9664 , 5528 , 5528 , 359845
9696 , 9696 , 5560 , 5560 , 361420
9728 , 9728 , 5590 , 5590 , 363043
9760 , 9760 , 5596 , 5596 , 364516
9792 , 9792 , 5628 , 5628 , 365821
9824 , 9824 , 5660 , 5660 , 367222
9856 , 9856 , 5692 , 5692 , 368645
9888 , 9888 , 5724 , 5724 , 369616
