32 , 32 , 0 , 0 , 956
64 , 64 , 0 , 0 , 1918
96 , 96 , 0 , 0 , 2889
128 , 128 , 0 , 0 , 3901
160 , 160 , 0 , 0 , 4833
192 , 192 , 0 , 0 , 5966
224 , 224 , 0 , 0 , 7023
256 , 256 , 0 , 0 , 8092
288 , 288 , 0 , 0 , 12208
320 , 320 , 0 , 0 , 14031
352 , 352 , 0 , 0 , 15140
384 , 384 , 2 , 2 , 16201
416 , 416 , 2 , 2 , 17196
448 , 448 , 7 , 7 , 18450
480 , 480 , 19 , 19 , 19345
512 , 512 , 19 , 19 , 19916
544 , 544 , 26 , 26 , 20899
576 , 576 , 26 , 26 , 22547
608 , 608 , 26 , 26 , 24256
640 , 640 , 33 , 33 , 25191
672 , 672 , 45 , 45 , 26371
704 , 704 , 74 , 74 , 27925
736 , 736 , 84 , 84 , 28485
768 , 768 , 84 , 84 , 28890
800 , 800 , 84 , 84 , 29291
832 , 832 , 86 , 86 , 29792
864 , 864 , 98 , 98 , 31405
896 , 896 , 106 , 106 , 32821
928 , 928 , 106 , 106 , 34412
960 , 960 , 106 , 106 , 36015
992 , 992 , 106 , 106 , 37570
1024 , 1024 , 124 , 124 , 39205
1056 , 1056 , 143 , 143 , 40541
1088 , 1088 , 163 , 163 , 45306
1120 , 1120 , 185 , 185 , 48314
1152 , 1152 , 217 , 217 , 49750
1184 , 1184 , 248 , 248 , 51900
1216 , 1216 , 269 , 269 , 53176
1248 , 1248 , 293 , 293 , 54495
1280 , 1280 , 324 , 324 , 55505
1312 , 1312 , 348 , 348 , 56154
1344 , 1344 , 348 , 348 , 56738
1376 , 1376 , 348 , 348 , 57316
1408 , 1408 , 360 , 360 , 58134
1440 , 1440 , 375 , 375 , 60158
1472 , 1472 , 375 , 375 , 62294
1504 , 1504 , 375 , 375 , 64312
1536 , 1536 , 395 , 395 , 65137
1568 , 1568 , 395 , 395 , 65558
1600 , 1600 , 395 , 395 , 65979
1632 , 1632 , 395 , 395 , 66394
1664 , 1664 , 395 , 395 , 66816
1696 , 1696 , 395 , 395 , 67240
1728 , 1728 , 395 , 395 , 67660
1760 , 1760 , 395 , 395 , 68078
1792 , 1792 , 399 , 399 , 68624
1824 , 1824 , 431 , 431 , 69917
1856 , 1856 , 444 , 444 , 71168
1888 , 1888 , 463 , 463 , 72741
1920 , 1920 , 487 , 487 , 74026
1952 , 1952 , 487 , 487 , 75350
1984 , 1984 , 513 , 513 , 76257
2016 , 2016 , 541 , 541 , 77087
2048 , 2048 , 570 , 570 , 77758
2080 , 2080 , 600 , 600 , 79172
2112 , 2112 , 631 , 631 , 80184
2144 , 2144 , 662 , 662 , 81377
2176 , 2176 , 662 , 662 , 82714
2208 , 2208 , 677 , 677 , 83995
2240 , 2240 , 709 , 709 , 85078
2272 , 2272 , 722 , 722 , 85550
2304 , 2304 , 722 , 722 , 86010
2336 , 2336 , 722 , 722 , 86483
2368 , 2368 , 722 , 722 , 86950
2400 , 2400 , 722 , 722 , 87411
2432 , 2432 , 722 , 722 , 87879
2464 , 2464 , 722 , 722 , 88328
2496 , 2496 , 722 , 722 , 88796
2528 , 2528 , 747 , 747 , 89895
2560 , 2560 , 760 , 760 , 91117
2592 , 2592 , 773 , 773 , 92043
2624 , 2624 , 787 , 787 , 92501
2656 , 2656 , 787 , 787 , 92979
2688 , 2688 , 787 , 787 , 93440
2720 , 2720 , 787 , 787 , 93913
2752 , 2752 , 787 , 787 , 94373
2784 , 2784 , 787 , 787 , 94835
2816 , 2816 , 787 , 787 , 95298
2848 , 2848 , 787 , 787 , 95776
2880 , 2880 , 813 , 813 , 96768
2912 , 2912 , 826 , 826 , 97759
2944 , 2944 , 826 , 826 , 98741
2976 , 2976 , 826 , 826 , 99791
3008 , 3008 , 826 , 826 , 100779
3040 , 3040 , 848 , 848 , 102156
3072 , 3072 , 880 , 880 , 103297
3104 , 3104 , 912 , 912 , 104441
3136 , 3136 , 944 , 944 , 106564
3168 , 3168 , 976 , 976 , 108017
3200 , 3200 , 999 , 999 , 109088
3232 , 3232 , 999 , 999 , 110219
3264 , 3264 , 1012 , 1012 , 111385
3296 , 3296 , 1038 , 1038 , 112454
3328 , 3328 , 1038 , 1038 , 113528
3360 , 3360 , 1067 , 1067 , 114986
3392 , 3392 , 1099 , 1099 , 116519
3424 , 3424 , 1122 , 1122 , 118193
3456 , 3456 , 1122 , 1122 , 119914
3488 , 3488 , 1150 , 1150 , 121312
3520 , 3520 , 1161 , 1161 , 122621
3552 , 3552 , 1193 , 1193 , 123517
3584 , 3584 , 1210 , 1210 , 124273
3616 , 3616 , 1210 , 1210 , 125000
3648 , 3648 , 1210 , 1210 , 125745
3680 , 3680 , 1236 , 1236 , 126706
3712 , 3712 , 1268 , 1268 , 127772
3744 , 3744 , 1300 , 1300 , 129292
3776 , 3776 , 1319 , 1319 , 130871
3808 , 3808 , 1319 , 1319 , 132511
3840 , 3840 , 1319 , 1319 , 134011
3872 , 3872 , 1350 , 1350 , 137828
3904 , 3904 , 1382 , 1382 , 140145
3936 , 3936 , 1414 , 1414 , 141132
3968 , 3968 , 1446 , 1446 , 141763
4000 , 4000 , 1460 , 1460 , 142419
4032 , 4032 , 1487 , 1487 , 143927
4064 , 4064 , 1515 , 1515 , 145643
4096 , 4096 , 1538 , 1538 , 146939
4128 , 4128 , 1570 , 1570 , 148087
4160 , 4160 , 1602 , 1602 , 149127
4192 , 4192 , 1634 , 1634 , 150469
4224 , 4224 , 1666 , 1666 , 151691
4256 , 4256 , 1698 , 1698 , 153481
4288 , 4288 , 1730 , 1730 , 154580
4320 , 4320 , 1760 , 1760 , 155671
4352 , 4352 , 1792 , 1792 , 156640
4384 , 4384 , 1824 , 1824 , 158004
4416 , 4416 , 1855 , 1855 , 159448
4448 , 4448 , 1887 , 1887 , 160933
4480 , 4480 , 1919 , 1919 , 162001
4512 , 4512 , 1951 , 1951 , 162767
4544 , 4544 , 1983 , 1983 , 164041
4576 , 4576 , 2015 , 2015 , 165198
4608 , 4608 , 2047 , 2047 , 166384
4640 , 4640 , 2079 , 2079 , 167942
4672 , 4672 , 2111 , 2111 , 169652
4704 , 4704 , 2113 , 2113 , 171387
4736 , 4736 , 2113 , 2113 , 173060
4768 , 4768 , 2134 , 2134 , 174185
4800 , 4800 , 2166 , 2166 , 174713
4832 , 4832 , 2168 , 2168 , 175246
4864 , 4864 , 2168 , 2168 , 175767
4896 , 4896 , 2200 , 2200 , 176943
4928 , 4928 , 2232 , 2232 , 178094
4960 , 4960 , 2264 , 2264 , 179204
4992 , 4992 , 2296 , 2296 , 180412
5024 , 5024 , 2326 , 2326 , 181401
5056 , 5056 , 2358 , 2358 , 182313
5088 , 5088 , 2390 , 2390 , 183794
5120 , 5120 , 2422 , 2422 , 185421
5152 , 5152 , 2454 , 2454 , 187205
5184 , 5184 , 2455 , 2455 , 189025
5216 , 5216 , 2477 , 2477 , 190431
5248 , 5248 , 2509 , 2509 , 191289
5280 , 5280 , 2539 , 2539 , 191742
5312 , 5312 , 2564 , 2564 , 192749
5344 , 5344 , 2596 , 2596 , 193731
5376 , 5376 , 2602 , 2602 , 194722
5408 , 5408 , 2602 , 2602 , 195696
5440 , 5440 , 2602 , 2602 , 196723
5472 , 5472 , 2619 , 2619 , 197758
5504 , 5504 , 2651 , 2651 , 199073
5536 , 5536 , 2683 , 2683 , 200280
5568 , 5568 , 2715 , 2715 , 201872
5600 , 5600 , 2747 , 2747 , 203250
5632 , 5632 , 2756 , 2756 , 204604
5664 , 5664 , 2762 , 2762 , 206025
5696 , 5696 , 2794 , 2794 , 207702
5728 , 5728 , 2818 , 2818 , 209409
5760 , 5760 , 2837 , 2837 , 210677
5792 , 5792 , 2869 , 2869 , 211743
5824 , 5824 , 2901 , 2901 , 212478
5856 , 5856 , 2933 , 2933 , 213004
5888 , 5888 , 2934 , 2934 , 213536
5920 , 5920 , 2934 , 2934 , 214083
5952 , 5952 , 2934 , 2934 , 214600
5984 , 5984 , 2961 , 2961 , 215833
6016 , 6016 , 2993 , 2993 , 217074
6048 , 6048 , 3010 , 3010 , 218339
6080 , 6080 , 3010 , 3010 , 219519
6112 , 6112 , 3032 , 3032 , 221202
6144 , 6144 , 3064 , 3064 , 222256
6176 , 6176 , 3096 , 3096 , 223739
6208 , 6208 , 3128 , 3128 , 225016
6240 , 6240 , 3160 , 3160 , 226515
6272 , 6272 , 3192 , 3192 , 228131
6304 , 6304 , 3224 , 3224 , 229549
6336 , 6336 , 3256 , 3256 , 230803
6368 , 6368 , 3284 , 3284 , 232047
6400 , 6400 , 3284 , 3284 , 233266
6432 , 6432 , 3299 , 3299 , 234526
6464 , 6464 , 3331 , 3331 , 235587
6496 , 6496 , 3363 , 3363 , 237358
6528 , 6528 , 3395 , 3395 , 239671
6560 , 6560 , 3427 , 3427 , 243666
6592 , 6592 , 3459 , 3459 , 244865
6624 , 6624 , 3491 , 3491 , 245877
6656 , 6656 , 3523 , 3523 , 247201
6688 , 6688 , 3555 , 3555 , 248256
6720 , 6720 , 3587 , 3587 , 249254
6752 , 6752 , 3609 , 3609 , 250263
6784 , 6784 , 3609 , 3609 , 251199
6816 , 6816 , 3609 , 3609 , 252199
6848 , 6848 , 3609 , 3609 , 253193
6880 , 6880 , 3630 , 3630 , 254392
6912 , 6912 , 3662 , 3662 , 255989
6944 , 6944 , 3688 , 3688 , 257601
6976 , 6976 , 3692 , 3692 , 259152
7008 , 7008 , 3724 , 3724 , 260333
7040 , 7040 , 3756 , 3756 , 261491
7072 , 7072 , 3788 , 3788 , 262660
7104 , 7104 , 3820 , 3820 , 263928
7136 , 7136 , 3852 , 3852 , 265307
7168 , 7168 , 3884 , 3884 , 266673
7200 , 7200 , 3916 , 3916 , 267581
7232 , 7232 , 3948 , 3948 , 268031
7264 , 7264 , 3980 , 3980 , 268498
7296 , 7296 , 3980 , 3980 , 268971
7328 , 7328 , 3980 , 3980 , 269442
7360 , 7360 , 3980 , 3980 , 269910
7392 , 7392 , 3999 , 3999 , 270895
7424 , 7424 , 4031 , 4031 , 272375
7456 , 7456 , 4063 , 4063 , 273410
7488 , 7488 , 4095 , 4095 , 275012
7520 , 7520 , 4127 , 4127 , 276755
7552 , 7552 , 4147 , 4147 , 278505
7584 , 7584 , 4163 , 4163 , 279840
7616 , 7616 , 4195 , 4195 , 282226
7648 , 7648 , 4227 , 4227 , 283304
7680 , 7680 , 4259 , 4259 , 284182
7712 , 7712 , 4291 , 4291 , 284633
7744 , 7744 , 4323 , 4323 , 285084
7776 , 7776 , 4338 , 4338 , 285522
7808 , 7808 , 4338 , 4338 , 285971
7840 , 7840 , 4338 , 4338 , 286421
7872 , 7872 , 4348 , 4348 , 287097
7904 , 7904 , 4380 , 4380 , 288277
7936 , 7936 , 4412 , 4412 , 289481
7968 , 7968 , 4436 , 4436 , 290730
8000 , 8000 , 4468 , 4468 , 291921
8032 , 8032 , 4500 , 4500 , 292902
8064 , 8064 , 4532 , 4532 , 293658
8096 , 8096 , 4564 , 4564 , 294307
8128 , 8128 , 4596 , 4596 , 294926
8160 , 8160 , 4628 , 4628 , 296278
8192 , 8192 , 4660 , 4660 , 298092
8224 , 8224 , 4692 , 4692 , 299931
8256 , 8256 , 4717 , 4717 , 301195
8288 , 8288 , 4749 , 4749 , 302490
8320 , 8320 , 4781 , 4781 , 304007
8352 , 8352 , 4813 , 4813 , 304617
8384 , 8384 , 4845 , 4845 , 305358
8416 , 8416 , 4877 , 4877 , 306435
8448 , 8448 , 4909 , 4909 , 307337
8480 , 8480 , 4941 , 4941 , 308739
8512 , 8512 , 4973 , 4973 , 309557
8544 , 8544 , 5005 , 5005 , 310695
8576 , 8576 , 5037 , 5037 , 311837
8608 , 8608 , 5069 , 5069 , 312975
8640 , 8640 , 5101 , 5101 , 313863
8672 , 8672 , 5133 , 5133 , 314836
8704 , 8704 , 5165 , 5165 , 315978
8736 , 8736 , 5197 , 5197 , 317384
8768 , 8768 , 5229 , 5229 , 318826
8800 , 8800 , 5255 , 5255 , 320241
8832 , 8832 , 5278 , 5278 , 321356
8864 , 8864 , 5310 , 5310 , 323119
8896 , 8896 , 5342 , 5342 , 324667
8928 , 8928 , 5374 , 5374 , 325586
8960 , 8960 , 5406 , 5406 , 326144
8992 , 8992 , 5438 , 5438 , 326703
9024 , 9024 , 5455 , 5455 , 327299
9056 , 9056 , 5487 , 5487 , 328324
9088 , 9088 , 5519 , 5519 , 329778
9120 , 9120 , 5551 , 5551 , 331544
9152 , 9152 , 5583 , 5583 , 332071
9184 , 9184 , 5615 , 5615 , 332590
9216 , 9216 , 5643 , 5643 , 333127
9248 , 9248 , 5643 , 5643 , 333650
9280 , 9280 , 5652 , 5652 , 334476
9312 , 9312 , 5684 , 5684 , 336133
9344 , 9344 , 5716 , 5716 , 337795
9376 , 9376 , 5748 , 5748 , 338889
9408 , 9408 , 5780 , 5780 , 339421
9440 , 9440 , 5812 , 5812 , 339957
9472 , 9472 , 5833 , 5833 , 340491
9504 , 9504 , 5865 , 5865 , 341920
9536 , 9536 , 5897 , 5897 , 343731
9568 , 9568 , 5929 , 5929 , 345509
9600 , 9600 , 5961 , 5961 , 347116
9632 , 9632 , 5993 , 5993 , 348197
9664 , 9664 , 6025 , 6025 , 348989
9696 , 9696 , 6057 , 6057 , 349723
9728 , 9728 , 6089 , 6089 , 350472
9760 , 9760 , 6103 , 6103 , 351218
9792 , 9792 , 6130 , 6130 , 352016
9824 , 9824 , 6162 , 6162 , 353540
9856 , 9856 , 6194 , 6194 , 355428
9888 , 9888 , 6226 , 6226 , 357291
9920 , 9920 , 6255 , 6255 , 358945
9952 , 9952 , 6287 , 6287 , 360727
9984 , 9984 , 6319 , 6319 , 362460
10016 , 10016 , 6351 , 6351 , 364155
10048 , 10048 , 6383 , 6383 , 366342
10080 , 10080 , 6415 , 6415 , 368018
10112 , 10112 , 6447 , 6447 , 369158
10144 , 10144 , 6479 , 6479 , 370381
10176 , 10176 , 6511 , 6511 , 371715
10208 , 10208 , 6543 , 6543 , 372970
10240 , 10240 , 6575 , 6575 , 374367
10272 , 10272 , 6607 , 6607 , 375644
10304 , 10304 , 6639 , 6639 , 376985
10336 , 10336 , 6671 , 6671 , 378062
10368 , 10368 , 6703 , 6703 , 379370
10400 , 10400 , 6735 , 6735 , 379837
10432 , 10432 , 6767 , 6767 , 380248
10464 , 10464 , 6799 , 6799 , 380666
10496 , 10496 , 6822 , 6822 , 381085
10528 , 10528 , 6822 , 6822 , 381510
10560 , 10560 , 6826 , 6826 , 382015
10592 , 10592 , 6858 , 6858 , 383240
10624 , 10624 , 6890 , 6890 , 384538
10656 , 10656 , 6922 , 6922 , 385636
10688 , 10688 , 6954 , 6954 , 386316
10720 , 10720 , 6986 , 6986 , 386768
10752 , 10752 , 7018 , 7018 , 387225
10784 , 10784 , 7049 , 7049 , 387683
10816 , 10816 , 7074 , 7074 , 388901
10848 , 10848 , 7106 , 7106 , 389871
10880 , 10880 , 7138 , 7138 , 390798
10912 , 10912 , 7170 , 7170 , 391781
10944 , 10944 , 7202 , 7202 , 392706
10976 , 10976 , 7218 , 7218 , 393698
11008 , 11008 , 7218 , 7218 , 394654
11040 , 11040 , 7218 , 7218 , 395646
11072 , 11072 , 7218 , 7218 , 396621
11104 , 11104 , 7218 , 7218 , 397607
11136 , 11136 , 7235 , 7235 , 398736
11168 , 11168 , 7267 , 7267 , 400123
11200 , 11200 , 7299 , 7299 , 401491
11232 , 11232 , 7331 , 7331 , 402997
11264 , 11264 , 7363 , 7363 , 404728
11296 , 11296 , 7395 , 7395 , 406014
11328 , 11328 , 7427 , 7427 , 406865
11360 , 11360 , 7459 , 7459 , 408041
11392 , 11392 , 7491 , 7491 , 409190
11424 , 11424 , 7523 , 7523 , 410332
11456 , 11456 , 7555 , 7555 , 411374
11488 , 11488 , 7587 , 7587 , 412460
11520 , 11520 , 7619 , 7619 , 413562
11552 , 11552 , 7651 , 7651 , 414905
11584 , 11584 , 7683 , 7683 , 416336
11616 , 11616 , 7715 , 7715 , 417785
11648 , 11648 , 7747 , 7747 , 419161
11680 , 11680 , 7779 , 7779 , 420473
11712 , 11712 , 7811 , 7811 , 421592
11744 , 11744 , 7843 , 7843 , 422687
11776 , 11776 , 7875 , 7875 , 423725
11808 , 11808 , 7907 , 7907 , 424836
11840 , 11840 , 7939 , 7939 , 425934
11872 , 11872 , 7971 , 7971 , 427643
11904 , 11904 , 8003 , 8003 , 428698
11936 , 11936 , 8035 , 8035 , 429671
11968 , 11968 , 8067 , 8067 , 430822
12000 , 12000 , 8099 , 8099 , 432403
12032 , 12032 , 8131 , 8131 , 432953
12064 , 12064 , 8163 , 8163 , 433426
12096 , 12096 , 8195 , 8195 , 434464
12128 , 12128 , 8227 , 8227 , 435528
12160 , 12160 , 8259 , 8259 , 437029
12192 , 12192 , 8291 , 8291 , 438667
12224 , 12224 , 8323 , 8323 , 440309
12256 , 12256 , 8355 , 8355 , 441341
12288 , 12288 , 8387 , 8387 , 442324
12320 , 12320 , 8419 , 8419 , 443674
12352 , 12352 , 8451 , 8451 , 444996
12384 , 12384 , 8483 , 8483 , 446320
12416 , 12416 , 8515 , 8515 , 447260
12448 , 12448 , 8547 , 8547 , 448377
12480 , 12480 , 8579 , 8579 , 449978
12512 , 12512 , 8611 , 8611 , 451538
12544 , 12544 , 8643 , 8643 , 452686
12576 , 12576 , 8675 , 8675 , 453888
12608 , 12608 , 8707 , 8707 , 454982
12640 , 12640 , 8739 , 8739 , 455501
12672 , 12672 , 8771 , 8771 , 455919
12704 , 12704 , 8803 , 8803 , 456343
12736 , 12736 , 8835 , 8835 , 456777
12768 , 12768 , 8867 , 8867 , 458358
12800 , 12800 , 8899 , 8899 , 459391
12832 , 12832 , 8931 , 8931 , 460147
12864 , 12864 , 8963 , 8963 , 461371
12896 , 12896 , 8995 , 8995 , 462396
12928 , 12928 , 9027 , 9027 , 462999
12960 , 12960 , 9059 , 9059 , 463772
12992 , 12992 , 9091 , 9091 , 466154
13024 , 13024 , 9123 , 9123 , 471327
13056 , 13056 , 9155 , 9155 , 472826
