32 , 32 , 0 , 0 , 1090
64 , 64 , 0 , 0 , 2082
96 , 96 , 0 , 0 , 3032
128 , 128 , 0 , 0 , 4021
160 , 160 , 0 , 0 , 5023
192 , 192 , 0 , 0 , 5990
224 , 224 , 0 , 0 , 6998
256 , 256 , 0 , 0 , 8352
288 , 288 , 0 , 0 , 9143
320 , 320 , 0 , 0 , 10142
352 , 352 , 0 , 0 , 11193
384 , 384 , 0 , 0 , 12369
416 , 416 , 3 , 3 , 13566
448 , 448 , 6 , 6 , 14894
480 , 480 , 12 , 12 , 16022
512 , 512 , 12 , 12 , 17067
544 , 544 , 12 , 12 , 18415
576 , 576 , 22 , 22 , 19817
608 , 608 , 24 , 24 , 21034
640 , 640 , 26 , 26 , 21925
672 , 672 , 26 , 26 , 22917
704 , 704 , 26 , 26 , 23964
736 , 736 , 26 , 26 , 25052
768 , 768 , 26 , 26 , 26306
800 , 800 , 26 , 26 , 28110
832 , 832 , 27 , 27 , 29284
864 , 864 , 27 , 27 , 29753
896 , 896 , 27 , 27 , 30224
928 , 928 , 27 , 27 , 30685
960 , 960 , 27 , 27 , 31141
992 , 992 , 27 , 27 , 31616
1024 , 1024 , 27 , 27 , 32084
1056 , 1056 , 27 , 27 , 32541
1088 , 1088 , 27 , 27 , 32990
1120 , 1120 , 38 , 38 , 33890
1152 , 1152 , 42 , 42 , 35041
1184 , 1184 , 47 , 47 , 36511
1216 , 1216 , 49 , 49 , 38205
1248 , 1248 , 49 , 49 , 39970
1280 , 1280 , 49 , 49 , 41681
1312 , 1312 , 54 , 54 , 42875
1344 , 1344 , 62 , 62 , 44079
1376 , 1376 , 62 , 62 , 45645
1408 , 1408 , 62 , 62 , 47280
1440 , 1440 , 62 , 62 , 48863
1472 , 1472 , 74 , 74 , 50280
1504 , 1504 , 97 , 97 , 51524
1536 , 1536 , 113 , 113 , 52680
1568 , 1568 , 118 , 118 , 53565
1600 , 1600 , 128 , 128 , 54531
1632 , 1632 , 128 , 128 , 55515
1664 , 1664 , 128 , 128 , 56509
1696 , 1696 , 128 , 128 , 57524
1728 , 1728 , 128 , 128 , 58488
1760 , 1760 , 128 , 128 , 59479
1792 , 1792 , 140 , 140 , 60967
1824 , 1824 , 155 , 155 , 62152
1856 , 1856 , 167 , 167 , 63099
1888 , 1888 , 167 , 167 , 64094
1920 , 1920 , 167 , 167 , 64996
1952 , 1952 , 167 , 167 , 66012
1984 , 1984 , 167 , 167 , 66941
2016 , 2016 , 173 , 173 , 67840
2048 , 2048 , 182 , 182 , 68467
2080 , 2080 , 187 , 187 , 69244
2112 , 2112 , 206 , 206 , 70560
2144 , 2144 , 209 , 209 , 71586
2176 , 2176 , 209 , 209 , 72572
2208 , 2208 , 209 , 209 , 73503
2240 , 2240 , 209 , 209 , 74491
2272 , 2272 , 209 , 209 , 75436
2304 , 2304 , 229 , 229 , 76657
2336 , 2336 , 235 , 235 , 77901
2368 , 2368 , 246 , 246 , 79262
2400 , 2400 , 258 , 258 , 80709
2432 , 2432 , 289 , 289 , 81462
2464 , 2464 , 314 , 314 , 82987
2496 , 2496 , 314 , 314 , 84703
2528 , 2528 , 314 , 314 , 86459
2560 , 2560 , 328 , 328 , 88162
2592 , 2592 , 335 , 335 , 89852
2624 , 2624 , 335 , 335 , 91557
2656 , 2656 , 366 , 366 , 92518
2688 , 2688 , 386 , 386 , 93080
2720 , 2720 , 386 , 386 , 93667
2752 , 2752 , 386 , 386 , 94229
2784 , 2784 , 407 , 407 , 95539
2816 , 2816 , 423 , 423 , 96734
2848 , 2848 , 423 , 423 , 97894
2880 , 2880 , 432 , 432 , 98966
2912 , 2912 , 464 , 464 , 100237
2944 , 2944 , 496 , 496 , 101278
2976 , 2976 , 525 , 525 , 102209
3008 , 3008 , 551 , 551 , 103368
3040 , 3040 , 573 , 573 , 104606
3072 , 3072 , 573 , 573 , 105856
3104 , 3104 , 596 , 596 , 106889
3136 , 3136 , 596 , 596 , 107918
3168 , 3168 , 596 , 596 , 108936
3200 , 3200 , 596 , 596 , 109958
3232 , 3232 , 596 , 596 , 111010
3264 , 3264 , 628 , 628 , 112818
3296 , 3296 , 660 , 660 , 114289
3328 , 3328 , 690 , 690 , 115277
3360 , 3360 , 704 , 704 , 116168
3392 , 3392 , 727 , 727 , 117759
3424 , 3424 , 728 , 728 , 119646
3456 , 3456 , 728 , 728 , 121521
3488 , 3488 , 739 , 739 , 122979
3520 , 3520 , 771 , 771 , 124504
3552 , 3552 , 799 , 799 , 125144
3584 , 3584 , 799 , 799 , 125750
3616 , 3616 , 825 , 825 , 126740
3648 , 3648 , 828 , 828 , 127697
3680 , 3680 , 850 , 850 , 128112
3712 , 3712 , 850 , 850 , 128536
3744 , 3744 , 850 , 850 , 128950
3776 , 3776 , 858 , 858 , 129490
3808 , 3808 , 888 , 888 , 131134
3840 , 3840 , 907 , 907 , 135342
3872 , 3872 , 939 , 939 , 136485
3904 , 3904 , 971 , 971 , 137104
3936 , 3936 , 1000 , 1000 , 138173
3968 , 3968 , 1032 , 1032 , 139417
4000 , 4000 , 1042 , 1042 , 140600
4032 , 4032 , 1074 , 1074 , 141556
4064 , 4064 , 1102 , 1102 , 142185
4096 , 4096 , 1102 , 1102 , 142615
4128 , 4128 , 1102 , 1102 , 143026
4160 , 4160 , 1102 , 1102 , 143446
4192 , 4192 , 1134 , 1134 , 144455
4224 , 4224 , 1139 , 1139 , 145580
4256 , 4256 , 1152 , 1152 , 147007
4288 , 4288 , 1184 , 1184 , 148574
4320 , 4320 , 1209 , 1209 , 150241
4352 , 4352 , 1209 , 1209 , 151958
4384 , 4384 , 1228 , 1228 , 153596
4416 , 4416 , 1260 , 1260 , 155142
4448 , 4448 , 1286 , 1286 , 156315
4480 , 4480 , 1286 , 1286 , 157492
4512 , 4512 , 1295 , 1295 , 158694
4544 , 4544 , 1327 , 1327 , 160090
4576 , 4576 , 1346 , 1346 , 161719
4608 , 4608 , 1364 , 1364 , 163544
4640 , 4640 , 1378 , 1378 , 165616
4672 , 4672 , 1378 , 1378 , 167642
4704 , 4704 , 1384 , 1384 , 169489
4736 , 4736 , 1416 , 1416 , 171785
4768 , 4768 , 1448 , 1448 , 177298
4800 , 4800 , 1480 , 1480 , 178461
4832 , 4832 , 1501 , 1501 , 179565
4864 , 4864 , 1532 , 1532 , 180652
4896 , 4896 , 1562 , 1562 , 181869
4928 , 4928 , 1589 , 1589 , 183552
4960 , 4960 , 1597 , 1597 , 185287
4992 , 4992 , 1628 , 1628 , 186490
5024 , 5024 , 1660 , 1660 , 187786
5056 , 5056 , 1682 , 1682 , 188879
5088 , 5088 , 1695 , 1695 , 189781
5120 , 5120 , 1722 , 1722 , 190437
5152 , 5152 , 1734 , 1734 , 191265
5184 , 5184 , 1766 , 1766 , 192247
5216 , 5216 , 1798 , 1798 , 193346
5248 , 5248 , 1830 , 1830 , 194509
5280 , 5280 , 1862 , 1862 , 196188
5312 , 5312 , 1894 , 1894 , 197315
5344 , 5344 , 1926 , 1926 , 198288
5376 , 5376 , 1958 , 1958 , 204260
5408 , 5408 , 1990 , 1990 , 205782
5440 , 5440 , 2022 , 2022 , 206379
5472 , 5472 , 2032 , 2032 , 206832
5504 , 5504 , 2032 , 2032 , 207281
5536 , 5536 , 2032 , 2032 , 207723
5568 , 5568 , 2032 , 2032 , 208175
5600 , 5600 , 2038 , 2038 , 208699
5632 , 5632 , 2070 , 2070 , 209924
5664 , 5664 , 2102 , 2102 , 210615
5696 , 5696 , 2121 , 2121 , 211181
5728 , 5728 , 2121 , 2121 , 211759
5760 , 5760 , 2126 , 2126 , 212397
5792 , 5792 , 2158 , 2158 , 213366
5824 , 5824 , 2162 , 2162 , 214340
5856 , 5856 , 2162 , 2162 , 215249
5888 , 5888 , 2162 , 2162 , 216249
5920 , 5920 , 2162 , 2162 , 217231
5952 , 5952 , 2177 , 2177 , 218937
5984 , 5984 , 2209 , 2209 , 219867
6016 , 6016 , 2241 , 2241 , 220868
6048 , 6048 , 2273 , 2273 , 222515
6080 , 6080 , 2305 , 2305 , 223682
6112 , 6112 , 2336 , 2336 , 225504
6144 , 6144 , 2336 , 2336 , 227317
6176 , 6176 , 2348 , 2348 , 229256
6208 , 6208 , 2380 , 2380 , 230756
6240 , 6240 , 2412 , 2412 , 232196
6272 , 6272 , 2444 , 2444 , 233409
6304 , 6304 , 2476 , 2476 , 234780
6336 , 6336 , 2499 , 2499 , 236581
6368 , 6368 , 2499 , 2499 , 238413
6400 , 6400 , 2515 , 2515 , 239839
6432 , 6432 , 2547 , 2547 , 240999
6464 , 6464 , 2565 , 2565 , 242253
6496 , 6496 , 2565 , 2565 , 243485
6528 , 6528 , 2574 , 2574 , 244702
6560 , 6560 , 2602 , 2602 , 245704
6592 , 6592 , 2602 , 2602 , 246742
6624 , 6624 , 2602 , 2602 , 247780
6656 , 6656 , 2602 , 2602 , 248805
6688 , 6688 , 2615 , 2615 , 249994
6720 , 6720 , 2647 , 2647 , 251590
6752 , 6752 , 2660 , 2660 , 253230
6784 , 6784 , 2692 , 2692 , 254997
6816 , 6816 , 2715 , 2715 , 256576
6848 , 6848 , 2715 , 2715 , 258197
6880 , 6880 , 2727 , 2727 , 259347
6912 , 6912 , 2757 , 2757 , 259801
6944 , 6944 , 2757 , 2757 , 260259
6976 , 6976 , 2757 , 2757 , 260732
7008 , 7008 , 2757 , 2757 , 261200
7040 , 7040 , 2757 , 2757 , 261666
7072 , 7072 , 2757 , 2757 , 262136
7104 , 7104 , 2757 , 2757 , 262600
7136 , 7136 , 2757 , 2757 , 263061
7168 , 7168 , 2782 , 2782 , 263956
7200 , 7200 , 2814 , 2814 , 265257
7232 , 7232 , 2846 , 2846 , 266193
7264 , 7264 , 2878 , 2878 , 267402
7296 , 7296 , 2910 , 2910 , 268270
7328 , 7328 , 2942 , 2942 , 271856
7360 , 7360 , 2974 , 2974 , 274404
7392 , 7392 , 3006 , 3006 , 275086
7424 , 7424 , 3035 , 3035 , 275669
