32 , 32 , 0 , 0 , 1364
64 , 64 , 0 , 0 , 2353
96 , 96 , 0 , 0 , 3351
128 , 128 , 0 , 0 , 4091
160 , 160 , 0 , 0 , 5011
192 , 192 , 0 , 0 , 6702
224 , 224 , 0 , 0 , 8836
256 , 256 , 0 , 0 , 10900
288 , 288 , 3 , 3 , 12424
320 , 320 , 4 , 4 , 13931
352 , 352 , 9 , 9 , 15498
384 , 384 , 9 , 9 , 16756
416 , 416 , 9 , 9 , 17948
448 , 448 , 9 , 9 , 18527
480 , 480 , 9 , 9 , 19109
512 , 512 , 9 , 9 , 19672
544 , 544 , 9 , 9 , 20555
576 , 576 , 9 , 9 , 21613
608 , 608 , 13 , 13 , 22770
640 , 640 , 13 , 13 , 23753
672 , 672 , 17 , 17 , 26671
704 , 704 , 25 , 25 , 31401
736 , 736 , 30 , 30 , 32581
768 , 768 , 41 , 41 , 33778
800 , 800 , 41 , 41 , 34870
832 , 832 , 56 , 56 , 35774
864 , 864 , 56 , 56 , 36666
896 , 896 , 73 , 73 , 37550
928 , 928 , 73 , 73 , 38128
960 , 960 , 73 , 73 , 38708
992 , 992 , 73 , 73 , 39285
1024 , 1024 , 93 , 93 , 40519
1056 , 1056 , 103 , 103 , 45685
1088 , 1088 , 124 , 124 , 47299
1120 , 1120 , 138 , 138 , 48598
1152 , 1152 , 168 , 168 , 49576
1184 , 1184 , 182 , 182 , 50904
1216 , 1216 , 199 , 199 , 51997
1248 , 1248 , 201 , 201 , 52975
1280 , 1280 , 210 , 210 , 53945
1312 , 1312 , 227 , 227 , 55002
1344 , 1344 , 227 , 227 , 56001
1376 , 1376 , 247 , 247 , 56917
1408 , 1408 , 279 , 279 , 58994
1440 , 1440 , 286 , 286 , 62436
1472 , 1472 , 315 , 315 , 63126
1504 , 1504 , 320 , 320 , 63603
1536 , 1536 , 320 , 320 , 64077
1568 , 1568 , 320 , 320 , 64547
1600 , 1600 , 320 , 320 , 64998
1632 , 1632 , 320 , 320 , 65469
1664 , 1664 , 320 , 320 , 65937
1696 , 1696 , 320 , 320 , 66398
1728 , 1728 , 320 , 320 , 66866
1760 , 1760 , 343 , 343 , 67882
1792 , 1792 , 368 , 368 , 69382
1824 , 1824 , 382 , 382 , 70428
1856 , 1856 , 382 , 382 , 71412
1888 , 1888 , 409 , 409 , 72427
1920 , 1920 , 437 , 437 , 73448
1952 , 1952 , 443 , 443 , 74412
1984 , 1984 , 456 , 456 , 75728
2016 , 2016 , 457 , 457 , 77569
2048 , 2048 , 457 , 457 , 79403
2080 , 2080 , 473 , 473 , 80975
2112 , 2112 , 505 , 505 , 81751
2144 , 2144 , 518 , 518 , 83074
2176 , 2176 , 518 , 518 , 84392
2208 , 2208 , 518 , 518 , 85722
2240 , 2240 , 534 , 534 , 86943
2272 , 2272 , 551 , 551 , 88084
2304 , 2304 , 572 , 572 , 89135
2336 , 2336 , 572 , 572 , 90118
2368 , 2368 , 599 , 599 , 91145
2400 , 2400 , 609 , 609 , 92144
2432 , 2432 , 621 , 621 , 93266
2464 , 2464 , 645 , 645 , 94347
2496 , 2496 , 645 , 645 , 95372
2528 , 2528 , 669 , 669 , 96734
2560 , 2560 , 688 , 688 , 98130
2592 , 2592 , 720 , 720 , 99391
2624 , 2624 , 750 , 750 , 100492
2656 , 2656 , 771 , 771 , 101805
2688 , 2688 , 771 , 771 , 103103
2720 , 2720 , 787 , 787 , 105446
2752 , 2752 , 797 , 797 , 109229
2784 , 2784 , 810 , 810 , 110778
2816 , 2816 , 832 , 832 , 112078
2848 , 2848 , 864 , 864 , 113883
2880 , 2880 , 894 , 894 , 114979
2912 , 2912 , 894 , 894 , 116054
2944 , 2944 , 916 , 916 , 117218
2976 , 2976 , 926 , 926 , 118453
3008 , 3008 , 958 , 958 , 119494
3040 , 3040 , 967 , 967 , 120523
3072 , 3072 , 984 , 984 , 121519
3104 , 3104 , 1016 , 1016 , 122594
3136 , 3136 , 1026 , 1026 , 123598
3168 , 3168 , 1026 , 1026 , 124607
3200 , 3200 , 1026 , 1026 , 125668
3232 , 3232 , 1026 , 1026 , 126715
3264 , 3264 , 1038 , 1038 , 127929
3296 , 3296 , 1057 , 1057 , 129721
3328 , 3328 , 1057 , 1057 , 131564
3360 , 3360 , 1060 , 1060 , 133228
3392 , 3392 , 1075 , 1075 , 133973
3424 , 3424 , 1095 , 1095 , 135150
3456 , 3456 , 1122 , 1122 , 136471
3488 , 3488 , 1154 , 1154 , 137790
3520 , 3520 , 1173 , 1173 , 139460
3552 , 3552 , 1205 , 1205 , 141105
3584 , 3584 , 1208 , 1208 , 142249
3616 , 3616 , 1226 , 1226 , 143386
3648 , 3648 , 1238 , 1238 , 144542
3680 , 3680 , 1270 , 1270 , 145803
3712 , 3712 , 1278 , 1278 , 147225
3744 , 3744 , 1310 , 1310 , 147908
3776 , 3776 , 1317 , 1317 , 148357
3808 , 3808 , 1317 , 1317 , 148798
3840 , 3840 , 1317 , 1317 , 149254
3872 , 3872 , 1317 , 1317 , 149707
3904 , 3904 , 1317 , 1317 , 150161
3936 , 3936 , 1345 , 1345 , 151672
3968 , 3968 , 1356 , 1356 , 153429
4000 , 4000 , 1374 , 1374 , 154683
4032 , 4032 , 1405 , 1405 , 155724
4064 , 4064 , 1425 , 1425 , 157007
4096 , 4096 , 1457 , 1457 , 158045
4128 , 4128 , 1489 , 1489 , 159291
4160 , 4160 , 1519 , 1519 , 160292
4192 , 4192 , 1521 , 1521 , 161282
4224 , 4224 , 1521 , 1521 , 162239
4256 , 4256 , 1521 , 1521 , 163245
4288 , 4288 , 1521 , 1521 , 164223
4320 , 4320 , 1526 , 1526 , 165074
4352 , 4352 , 1552 , 1552 , 165503
4384 , 4384 , 1552 , 1552 , 165926
4416 , 4416 , 1552 , 1552 , 166344
4448 , 4448 , 1562 , 1562 , 167099
4480 , 4480 , 1584 , 1584 , 168721
4512 , 4512 , 1597 , 1597 , 170291
4544 , 4544 , 1629 , 1629 , 171857
4576 , 4576 , 1661 , 1661 , 172916
4608 , 4608 , 1662 , 1662 , 174004
4640 , 4640 , 1685 , 1685 , 174984
4672 , 4672 , 1717 , 1717 , 176264
4704 , 4704 , 1740 , 1740 , 177378
4736 , 4736 , 1772 , 1772 , 178546
4768 , 4768 , 1804 , 1804 , 178965
4800 , 4800 , 1806 , 1806 , 179385
4832 , 4832 , 1806 , 1806 , 179792
4864 , 4864 , 1812 , 1812 , 180328
4896 , 4896 , 1844 , 1844 , 181280
4928 , 4928 , 1857 , 1857 , 182392
4960 , 4960 , 1889 , 1889 , 183481
4992 , 4992 , 1921 , 1921 , 183932
5024 , 5024 , 1927 , 1927 , 184518
5056 , 5056 , 1954 , 1954 , 185640
5088 , 5088 , 1954 , 1954 , 186748
5120 , 5120 , 1966 , 1966 , 187970
5152 , 5152 , 1998 , 1998 , 189497
5184 , 5184 , 2016 , 2016 , 191218
5216 , 5216 , 2016 , 2016 , 192957
5248 , 5248 , 2016 , 2016 , 194660
5280 , 5280 , 2040 , 2040 , 196273
5312 , 5312 , 2064 , 2064 , 197388
5344 , 5344 , 2091 , 2091 , 197838
5376 , 5376 , 2091 , 2091 , 198296
5408 , 5408 , 2091 , 2091 , 198756
5440 , 5440 , 2091 , 2091 , 199209
5472 , 5472 , 2091 , 2091 , 199659
5504 , 5504 , 2091 , 2091 , 200118
5536 , 5536 , 2091 , 2091 , 200559
5568 , 5568 , 2091 , 2091 , 201001
5600 , 5600 , 2116 , 2116 , 201785
5632 , 5632 , 2148 , 2148 , 203019
5664 , 5664 , 2180 , 2180 , 204534
5696 , 5696 , 2212 , 2212 , 205971
5728 , 5728 , 2244 , 2244 , 207642
5760 , 5760 , 2247 , 2247 , 209339
5792 , 5792 , 2269 , 2269 , 210678
5824 , 5824 , 2301 , 2301 , 211797
5856 , 5856 , 2333 , 2333 , 212501
5888 , 5888 , 2339 , 2339 , 213214
5920 , 5920 , 2339 , 2339 , 213963
5952 , 5952 , 2345 , 2345 , 214845
5984 , 5984 , 2375 , 2375 , 216441
6016 , 6016 , 2384 , 2384 , 217853
6048 , 6048 , 2416 , 2416 , 219583
6080 , 6080 , 2426 , 2426 , 221326
6112 , 6112 , 2426 , 2426 , 223042
6144 , 6144 , 2436 , 2436 , 224733
6176 , 6176 , 2468 , 2468 , 226444
6208 , 6208 , 2475 , 2475 , 228152
6240 , 6240 , 2497 , 2497 , 229391
6272 , 6272 , 2529 , 2529 , 230538
6304 , 6304 , 2547 , 2547 , 231653
6336 , 6336 , 2573 , 2573 , 232611
6368 , 6368 , 2605 , 2605 , 233509
6400 , 6400 , 2626 , 2626 , 234154
6432 , 6432 , 2648 , 2648 , 235155
6464 , 6464 , 2680 , 2680 , 236237
6496 , 6496 , 2712 , 2712 , 237488
6528 , 6528 , 2744 , 2744 , 238592
6560 , 6560 , 2776 , 2776 , 239686
6592 , 6592 , 2799 , 2799 , 241148
6624 , 6624 , 2831 , 2831 , 242543
6656 , 6656 , 2863 , 2863 , 243602
6688 , 6688 , 2895 , 2895 , 245077
6720 , 6720 , 2919 , 2919 , 246698
6752 , 6752 , 2943 , 2943 , 248170
6784 , 6784 , 2975 , 2975 , 249305
6816 , 6816 , 3004 , 3004 , 250326
6848 , 6848 , 3024 , 3024 , 251465
6880 , 6880 , 3047 , 3047 , 252796
6912 , 6912 , 3059 , 3059 , 254176
6944 , 6944 , 3091 , 3091 , 255356
6976 , 6976 , 3104 , 3104 , 256565
7008 , 7008 , 3108 , 3108 , 257685
7040 , 7040 , 3140 , 3140 , 258939
7072 , 7072 , 3172 , 3172 , 260330
7104 , 7104 , 3204 , 3204 , 261063
7136 , 7136 , 3236 , 3236 , 262289
7168 , 7168 , 3251 , 3251 , 263591
7200 , 7200 , 3283 , 3283 , 265213
7232 , 7232 , 3294 , 3294 , 266928
7264 , 7264 , 3313 , 3313 , 268263
7296 , 7296 , 3345 , 3345 , 268974
7328 , 7328 , 3368 , 3368 , 269636
7360 , 7360 , 3394 , 3394 , 270369
7392 , 7392 , 3426 , 3426 , 272150
7424 , 7424 , 3444 , 3444 , 274069
7456 , 7456 , 3444 , 3444 , 275946
7488 , 7488 , 3460 , 3460 , 277374
7520 , 7520 , 3492 , 3492 , 278265
7552 , 7552 , 3524 , 3524 , 279228
7584 , 7584 , 3537 , 3537 , 280250
7616 , 7616 , 3537 , 3537 , 281229
7648 , 7648 , 3537 , 3537 , 282235
7680 , 7680 , 3537 , 3537 , 283219
