32 , 32 , 0 , 0 , 969
64 , 64 , 0 , 0 , 1969
96 , 96 , 0 , 0 , 2931
128 , 128 , 0 , 0 , 3948
160 , 160 , 0 , 0 , 4897
192 , 192 , 0 , 0 , 6020
224 , 224 , 0 , 0 , 7083
256 , 256 , 0 , 0 , 8173
288 , 288 , 0 , 0 , 12251
320 , 320 , 0 , 0 , 14080
352 , 352 , 0 , 0 , 15168
384 , 384 , 2 , 2 , 16219
416 , 416 , 2 , 2 , 17215
448 , 448 , 7 , 7 , 18480
480 , 480 , 17 , 17 , 19512
512 , 512 , 17 , 17 , 20416
544 , 544 , 35 , 35 , 21716
576 , 576 , 35 , 35 , 22134
608 , 608 , 35 , 35 , 22549
640 , 640 , 35 , 35 , 22962
672 , 672 , 39 , 39 , 23786
704 , 704 , 39 , 39 , 25388
736 , 736 , 39 , 39 , 27023
768 , 768 , 39 , 39 , 28583
800 , 800 , 52 , 52 , 32444
832 , 832 , 65 , 65 , 36445
864 , 864 , 89 , 89 , 37882
896 , 896 , 107 , 107 , 39076
928 , 928 , 122 , 122 , 39702
960 , 960 , 122 , 122 , 40283
992 , 992 , 122 , 122 , 40867
1024 , 1024 , 133 , 133 , 41575
1056 , 1056 , 147 , 147 , 43123
1088 , 1088 , 156 , 156 , 44074
1120 , 1120 , 163 , 163 , 44893
1152 , 1152 , 178 , 178 , 46250
1184 , 1184 , 201 , 201 , 47672
1216 , 1216 , 209 , 209 , 49222
1248 , 1248 , 220 , 220 , 50684
1280 , 1280 , 227 , 227 , 51133
1312 , 1312 , 227 , 227 , 51594
1344 , 1344 , 227 , 227 , 52065
1376 , 1376 , 227 , 227 , 52533
1408 , 1408 , 227 , 227 , 53005
1440 , 1440 , 227 , 227 , 53474
1472 , 1472 , 227 , 227 , 53950
1504 , 1504 , 227 , 227 , 54413
1536 , 1536 , 240 , 240 , 55292
1568 , 1568 , 250 , 250 , 56511
1600 , 1600 , 250 , 250 , 57798
1632 , 1632 , 260 , 260 , 58281
1664 , 1664 , 260 , 260 , 58743
1696 , 1696 , 260 , 260 , 59201
1728 , 1728 , 260 , 260 , 59676
1760 , 1760 , 260 , 260 , 60153
1792 , 1792 , 260 , 260 , 60612
1824 , 1824 , 260 , 260 , 61086
1856 , 1856 , 260 , 260 , 61535
1888 , 1888 , 272 , 272 , 62294
1920 , 1920 , 281 , 281 , 63342
1952 , 1952 , 281 , 281 , 64385
1984 , 1984 , 281 , 281 , 65409
2016 , 2016 , 281 , 281 , 66416
2048 , 2048 , 289 , 289 , 67651
2080 , 2080 , 318 , 318 , 69179
2112 , 2112 , 333 , 333 , 70398
2144 , 2144 , 333 , 333 , 71538
2176 , 2176 , 333 , 333 , 72616
2208 , 2208 , 344 , 344 , 73690
2240 , 2240 , 344 , 344 , 74796
2272 , 2272 , 368 , 368 , 76308
2304 , 2304 , 372 , 372 , 77996
2336 , 2336 , 372 , 372 , 79738
2368 , 2368 , 399 , 399 , 81080
2400 , 2400 , 403 , 403 , 82659
2432 , 2432 , 403 , 403 , 84283
2464 , 2464 , 403 , 403 , 85836
2496 , 2496 , 424 , 424 , 87078
2528 , 2528 , 449 , 449 , 87847
2560 , 2560 , 449 , 449 , 88491
2592 , 2592 , 469 , 469 , 89455
2624 , 2624 , 497 , 497 , 90389
2656 , 2656 , 514 , 514 , 91409
2688 , 2688 , 518 , 518 , 92455
2720 , 2720 , 545 , 545 , 93494
2752 , 2752 , 559 , 559 , 94939
2784 , 2784 , 591 , 591 , 96039
2816 , 2816 , 606 , 606 , 96963
2848 , 2848 , 631 , 631 , 98492
2880 , 2880 , 654 , 654 , 99791
2912 , 2912 , 677 , 677 , 100756
2944 , 2944 , 698 , 698 , 102145
2976 , 2976 , 714 , 714 , 103199
3008 , 3008 , 714 , 714 , 104194
3040 , 3040 , 714 , 714 , 105218
3072 , 3072 , 714 , 714 , 106264
3104 , 3104 , 714 , 714 , 107282
3136 , 3136 , 721 , 721 , 108315
3168 , 3168 , 741 , 741 , 109626
3200 , 3200 , 761 , 761 , 111149
3232 , 3232 , 761 , 761 , 112871
3264 , 3264 , 767 , 767 , 114573
3296 , 3296 , 790 , 790 , 116025
3328 , 3328 , 799 , 799 , 117693
3360 , 3360 , 799 , 799 , 119288
3392 , 3392 , 822 , 822 , 120469
3424 , 3424 , 841 , 841 , 121637
3456 , 3456 , 857 , 857 , 123226
3488 , 3488 , 871 , 871 , 124998
3520 , 3520 , 895 , 895 , 126509
3552 , 3552 , 895 , 895 , 128365
3584 , 3584 , 895 , 895 , 130232
3616 , 3616 , 895 , 895 , 132031
3648 , 3648 , 905 , 905 , 132684
3680 , 3680 , 905 , 905 , 133335
3712 , 3712 , 920 , 920 , 134413
3744 , 3744 , 920 , 920 , 135441
3776 , 3776 , 929 , 929 , 136997
3808 , 3808 , 929 , 929 , 138585
3840 , 3840 , 929 , 929 , 140174
3872 , 3872 , 951 , 951 , 141856
3904 , 3904 , 976 , 976 , 143419
3936 , 3936 , 997 , 997 , 144224
3968 , 3968 , 1010 , 1010 , 145483
4000 , 4000 , 1010 , 1010 , 146677
4032 , 4032 , 1033 , 1033 , 147607
4064 , 4064 , 1036 , 1036 , 148429
4096 , 4096 , 1042 , 1042 , 150247
4128 , 4128 , 1042 , 1042 , 152052
4160 , 4160 , 1048 , 1048 , 153714
4192 , 4192 , 1080 , 1080 , 154609
4224 , 4224 , 1095 , 1095 , 155743
4256 , 4256 , 1095 , 1095 , 156902
4288 , 4288 , 1105 , 1105 , 158094
4320 , 4320 , 1113 , 1113 , 159101
4352 , 4352 , 1120 , 1120 , 160218
4384 , 4384 , 1152 , 1152 , 161306
4416 , 4416 , 1184 , 1184 , 162497
4448 , 4448 , 1204 , 1204 , 163467
4480 , 4480 , 1212 , 1212 , 165272
4512 , 4512 , 1212 , 1212 , 167100
4544 , 4544 , 1215 , 1215 , 168857
4576 , 4576 , 1237 , 1237 , 169856
4608 , 4608 , 1237 , 1237 , 170584
4640 , 4640 , 1237 , 1237 , 171313
4672 , 4672 , 1237 , 1237 , 172059
4704 , 4704 , 1260 , 1260 , 173068
4736 , 4736 , 1288 , 1288 , 174215
4768 , 4768 , 1313 , 1313 , 175444
4800 , 4800 , 1335 , 1335 , 176755
4832 , 4832 , 1345 , 1345 , 178155
4864 , 4864 , 1368 , 1368 , 179650
4896 , 4896 , 1390 , 1390 , 181124
4928 , 4928 , 1403 , 1403 , 182646
4960 , 4960 , 1405 , 1405 , 184362
4992 , 4992 , 1413 , 1413 , 185899
5024 , 5024 , 1430 , 1430 , 187049
5056 , 5056 , 1441 , 1441 , 188138
5088 , 5088 , 1441 , 1441 , 189264
5120 , 5120 , 1454 , 1454 , 190309
5152 , 5152 , 1479 , 1479 , 191544
5184 , 5184 , 1479 , 1479 , 192537
5216 , 5216 , 1488 , 1488 , 193827
5248 , 5248 , 1492 , 1492 , 195328
5280 , 5280 , 1505 , 1505 , 196315
5312 , 5312 , 1513 , 1513 , 197314
5344 , 5344 , 1524 , 1524 , 198232
5376 , 5376 , 1547 , 1547 , 199590
5408 , 5408 , 1551 , 1551 , 200767
5440 , 5440 , 1561 , 1561 , 201309
5472 , 5472 , 1561 , 1561 , 201722
5504 , 5504 , 1561 , 1561 , 202140
5536 , 5536 , 1562 , 1562 , 202585
5568 , 5568 , 1586 , 1586 , 204751
