32 , 32 , 0 , 0 , 3948
64 , 64 , 0 , 0 , 5855
96 , 96 , 0 , 0 , 7550
128 , 128 , 0 , 0 , 9286
160 , 160 , 0 , 0 , 10876
192 , 192 , 0 , 0 , 11295
224 , 224 , 0 , 0 , 11713
256 , 256 , 0 , 0 , 12115
288 , 288 , 2 , 2 , 12806
320 , 320 , 2 , 2 , 14307
352 , 352 , 8 , 8 , 15688
384 , 384 , 8 , 8 , 17413
416 , 416 , 8 , 8 , 19165
448 , 448 , 15 , 15 , 20863
480 , 480 , 27 , 27 , 21941
512 , 512 , 34 , 34 , 23535
544 , 544 , 34 , 34 , 25235
576 , 576 , 34 , 34 , 27005
608 , 608 , 37 , 37 , 28606
640 , 640 , 46 , 46 , 29792
672 , 672 , 62 , 62 , 30898
704 , 704 , 79 , 79 , 31768
736 , 736 , 100 , 100 , 33021
768 , 768 , 118 , 118 , 33892
800 , 800 , 135 , 135 , 35096
832 , 832 , 135 , 135 , 36350
864 , 864 , 144 , 144 , 37868
896 , 896 , 151 , 151 , 38708
928 , 928 , 151 , 151 , 39249
960 , 960 , 151 , 151 , 39778
992 , 992 , 160 , 160 , 42479
1024 , 1024 , 174 , 174 , 46552
1056 , 1056 , 189 , 189 , 48182
1088 , 1088 , 201 , 201 , 49658
1120 , 1120 , 201 , 201 , 50822
1152 , 1152 , 216 , 216 , 51736
1184 , 1184 , 218 , 218 , 52458
1216 , 1216 , 249 , 249 , 53495
1248 , 1248 , 272 , 272 , 54845
1280 , 1280 , 272 , 272 , 56496
1312 , 1312 , 272 , 272 , 58150
1344 , 1344 , 289 , 289 , 59414
1376 , 1376 , 314 , 314 , 60379
1408 , 1408 , 328 , 328 , 60954
1440 , 1440 , 328 , 328 , 61590
1472 , 1472 , 345 , 345 , 62622
1504 , 1504 , 345 , 345 , 63625
1536 , 1536 , 365 , 365 , 64889
1568 , 1568 , 375 , 375 , 66882
1600 , 1600 , 375 , 375 , 68932
1632 , 1632 , 375 , 375 , 70907
1664 , 1664 , 398 , 398 , 72359
1696 , 1696 , 427 , 427 , 73401
1728 , 1728 , 427 , 427 , 74454
1760 , 1760 , 427 , 427 , 75549
1792 , 1792 , 451 , 451 , 76813
1824 , 1824 , 483 , 483 , 77845
1856 , 1856 , 510 , 510 , 78988
1888 , 1888 , 542 , 542 , 79981
1920 , 1920 , 547 , 547 , 80639
1952 , 1952 , 556 , 556 , 81483
1984 , 1984 , 587 , 587 , 82626
2016 , 2016 , 612 , 612 , 84140
2048 , 2048 , 622 , 622 , 85746
2080 , 2080 , 626 , 626 , 87606
2112 , 2112 , 626 , 626 , 89443
2144 , 2144 , 626 , 626 , 91316
2176 , 2176 , 652 , 652 , 92641
2208 , 2208 , 652 , 652 , 93997
2240 , 2240 , 666 , 666 , 95329
2272 , 2272 , 680 , 680 , 96547
2304 , 2304 , 712 , 712 , 97635
2336 , 2336 , 728 , 728 , 99295
2368 , 2368 , 728 , 728 , 100974
2400 , 2400 , 749 , 749 , 102148
2432 , 2432 , 777 , 777 , 103635
2464 , 2464 , 800 , 800 , 104859
2496 , 2496 , 800 , 800 , 106000
2528 , 2528 , 826 , 826 , 107509
2560 , 2560 , 830 , 830 , 109239
2592 , 2592 , 836 , 836 , 111387
2624 , 2624 , 856 , 856 , 115313
2656 , 2656 , 887 , 887 , 116772
2688 , 2688 , 915 , 915 , 118207
2720 , 2720 , 947 , 947 , 119527
2752 , 2752 , 972 , 972 , 120091
2784 , 2784 , 972 , 972 , 120644
2816 , 2816 , 972 , 972 , 121206
2848 , 2848 , 994 , 994 , 122183
2880 , 2880 , 1026 , 1026 , 123874
2912 , 2912 , 1029 , 1029 , 125671
2944 , 2944 , 1029 , 1029 , 127456
2976 , 2976 , 1056 , 1056 , 128807
3008 , 3008 , 1088 , 1088 , 130630
3040 , 3040 , 1120 , 1120 , 131917
3072 , 3072 , 1152 , 1152 , 133477
3104 , 3104 , 1184 , 1184 , 134584
3136 , 3136 , 1213 , 1213 , 136150
3168 , 3168 , 1213 , 1213 , 137734
3200 , 3200 , 1213 , 1213 , 139362
3232 , 3232 , 1234 , 1234 , 140384
3264 , 3264 , 1266 , 1266 , 141519
3296 , 3296 , 1273 , 1273 , 142570
3328 , 3328 , 1287 , 1287 , 145159
3360 , 3360 , 1319 , 1319 , 146564
3392 , 3392 , 1351 , 1351 , 147619
3424 , 3424 , 1368 , 1368 , 148769
3456 , 3456 , 1400 , 1400 , 149901
3488 , 3488 , 1432 , 1432 , 150895
3520 , 3520 , 1464 , 1464 , 152507
3552 , 3552 , 1496 , 1496 , 153922
3584 , 3584 , 1521 , 1521 , 155079
3616 , 3616 , 1548 , 1548 , 156143
3648 , 3648 , 1580 , 1580 , 157385
3680 , 3680 , 1612 , 1612 , 158728
3712 , 3712 , 1644 , 1644 , 159842
3744 , 3744 , 1667 , 1667 , 160256
3776 , 3776 , 1667 , 1667 , 160674
3808 , 3808 , 1667 , 1667 , 161097
3840 , 3840 , 1667 , 1667 , 161516
3872 , 3872 , 1667 , 1667 , 161936
3904 , 3904 , 1667 , 1667 , 162359
3936 , 3936 , 1667 , 1667 , 162771
3968 , 3968 , 1667 , 1667 , 163188
4000 , 4000 , 1689 , 1689 , 164425
4032 , 4032 , 1704 , 1704 , 166077
4064 , 4064 , 1704 , 1704 , 167729
4096 , 4096 , 1729 , 1729 , 169214
4128 , 4128 , 1761 , 1761 , 170776
4160 , 4160 , 1793 , 1793 , 171941
4192 , 4192 , 1809 , 1809 , 173272
4224 , 4224 , 1809 , 1809 , 174635
4256 , 4256 , 1809 , 1809 , 175977
4288 , 4288 , 1839 , 1839 , 177383
4320 , 4320 , 1871 , 1871 , 178525
4352 , 4352 , 1900 , 1900 , 179786
4384 , 4384 , 1932 , 1932 , 180738
4416 , 4416 , 1964 , 1964 , 181537
4448 , 4448 , 1980 , 1980 , 182087
4480 , 4480 , 1980 , 1980 , 182654
4512 , 4512 , 1987 , 1987 , 183445
4544 , 4544 , 2019 , 2019 , 184994
4576 , 4576 , 2043 , 2043 , 186794
4608 , 4608 , 2043 , 2043 , 188563
4640 , 4640 , 2061 , 2061 , 189863
4672 , 4672 , 2093 , 2093 , 191173
4704 , 4704 , 2125 , 2125 , 192275
4736 , 4736 , 2157 , 2157 , 193364
4768 , 4768 , 2189 , 2189 , 194395
4800 , 4800 , 2221 , 2221 , 195211
4832 , 4832 , 2246 , 2246 , 196198
4864 , 4864 , 2246 , 2246 , 197232
4896 , 4896 , 2246 , 2246 , 198252
4928 , 4928 , 2246 , 2246 , 199293
4960 , 4960 , 2246 , 2246 , 200253
4992 , 4992 , 2271 , 2271 , 201322
5024 , 5024 , 2303 , 2303 , 202734
5056 , 5056 , 2335 , 2335 , 203903
5088 , 5088 , 2367 , 2367 , 204948
5120 , 5120 , 2399 , 2399 , 205845
5152 , 5152 , 2424 , 2424 , 206829
5184 , 5184 , 2456 , 2456 , 207241
5216 , 5216 , 2465 , 2465 , 207641
5248 , 5248 , 2465 , 2465 , 208064
5280 , 5280 , 2472 , 2472 , 208627
5312 , 5312 , 2504 , 2504 , 209424
5344 , 5344 , 2536 , 2536 , 210665
5376 , 5376 , 2568 , 2568 , 211980
5408 , 5408 , 2600 , 2600 , 215928
5440 , 5440 , 2632 , 2632 , 219234
5472 , 5472 , 2664 , 2664 , 220628
5504 , 5504 , 2696 , 2696 , 221763
5536 , 5536 , 2728 , 2728 , 222621
5568 , 5568 , 2755 , 2755 , 223054
5600 , 5600 , 2755 , 2755 , 223500
5632 , 5632 , 2755 , 2755 , 223941
5664 , 5664 , 2755 , 2755 , 224396
5696 , 5696 , 2755 , 2755 , 224853
5728 , 5728 , 2779 , 2779 , 225875
5760 , 5760 , 2811 , 2811 , 227057
5792 , 5792 , 2843 , 2843 , 228107
5824 , 5824 , 2869 , 2869 , 228688
5856 , 5856 , 2883 , 2883 , 229674
5888 , 5888 , 2915 , 2915 , 230478
5920 , 5920 , 2947 , 2947 , 232221
5952 , 5952 , 2979 , 2979 , 233862
5984 , 5984 , 3011 , 3011 , 235101
6016 , 6016 , 3043 , 3043 , 236118
6048 , 6048 , 3075 , 3075 , 237378
6080 , 6080 , 3107 , 3107 , 237919
6112 , 6112 , 3118 , 3118 , 238461
6144 , 6144 , 3118 , 3118 , 239011
6176 , 6176 , 3118 , 3118 , 239554
6208 , 6208 , 3122 , 3122 , 240173
6240 , 6240 , 3154 , 3154 , 240727
6272 , 6272 , 3171 , 3171 , 241198
6304 , 6304 , 3171 , 3171 , 241661
6336 , 6336 , 3171 , 3171 , 242121
6368 , 6368 , 3171 , 3171 , 242588
6400 , 6400 , 3171 , 3171 , 243057
6432 , 6432 , 3171 , 3171 , 243528
6464 , 6464 , 3171 , 3171 , 243993
6496 , 6496 , 3180 , 3180 , 244758
6528 , 6528 , 3212 , 3212 , 245809
6560 , 6560 , 3242 , 3242 , 246342
6592 , 6592 , 3242 , 3242 , 246881
6624 , 6624 , 3244 , 3244 , 247441
6656 , 6656 , 3276 , 3276 , 248606
6688 , 6688 , 3308 , 3308 , 249573
6720 , 6720 , 3340 , 3340 , 250577
6752 , 6752 , 3372 , 3372 , 251797
6784 , 6784 , 3404 , 3404 , 253056
6816 , 6816 , 3436 , 3436 , 254472
6848 , 6848 , 3460 , 3460 , 256193
6880 , 6880 , 3460 , 3460 , 257967
6912 , 6912 , 3460 , 3460 , 259644
6944 , 6944 , 3490 , 3490 , 260996
6976 , 6976 , 3522 , 3522 , 262534
7008 , 7008 , 3546 , 3546 , 264191
7040 , 7040 , 3546 , 3546 , 265767
7072 , 7072 , 3575 , 3575 , 266922
7104 , 7104 , 3607 , 3607 , 268530
7136 , 7136 , 3627 , 3627 , 270121
7168 , 7168 , 3659 , 3659 , 271265
7200 , 7200 , 3685 , 3685 , 272360
7232 , 7232 , 3699 , 3699 , 273578
7264 , 7264 , 3731 , 3731 , 274674
7296 , 7296 , 3763 , 3763 , 275903
7328 , 7328 , 3795 , 3795 , 276956
7360 , 7360 , 3815 , 3815 , 278061
7392 , 7392 , 3842 , 3842 , 279149
7424 , 7424 , 3870 , 3870 , 280135
7456 , 7456 , 3870 , 3870 , 281089
7488 , 7488 , 3870 , 3870 , 282058
7520 , 7520 , 3870 , 3870 , 283015
7552 , 7552 , 3870 , 3870 , 283990
