32 , 32 , 0 , 0 , 1111
64 , 64 , 0 , 0 , 2935
96 , 96 , 0 , 0 , 4338
128 , 128 , 0 , 0 , 5029
160 , 160 , 0 , 0 , 5483
192 , 192 , 0 , 0 , 5950
224 , 224 , 0 , 0 , 6419
256 , 256 , 0 , 0 , 6891
288 , 288 , 0 , 0 , 7350
320 , 320 , 0 , 0 , 7828
352 , 352 , 0 , 0 , 8288
384 , 384 , 0 , 0 , 8779
416 , 416 , 0 , 0 , 9743
448 , 448 , 0 , 0 , 11042
480 , 480 , 0 , 0 , 12388
512 , 512 , 5 , 5 , 13311
544 , 544 , 6 , 6 , 14428
576 , 576 , 6 , 6 , 15848
608 , 608 , 6 , 6 , 17296
640 , 640 , 6 , 6 , 18737
672 , 672 , 16 , 16 , 19978
704 , 704 , 16 , 16 , 21853
736 , 736 , 16 , 16 , 23746
768 , 768 , 16 , 16 , 25592
800 , 800 , 26 , 26 , 26427
832 , 832 , 26 , 26 , 26922
864 , 864 , 26 , 26 , 27413
896 , 896 , 26 , 26 , 27901
928 , 928 , 26 , 26 , 28401
960 , 960 , 34 , 34 , 29609
992 , 992 , 34 , 34 , 31192
1024 , 1024 , 55 , 55 , 32733
1056 , 1056 , 79 , 79 , 33838
1088 , 1088 , 79 , 79 , 34909
1120 , 1120 , 88 , 88 , 35894
1152 , 1152 , 118 , 118 , 37607
1184 , 1184 , 139 , 139 , 39024
1216 , 1216 , 153 , 153 , 39860
1248 , 1248 , 153 , 153 , 40407
1280 , 1280 , 153 , 153 , 40948
1312 , 1312 , 153 , 153 , 41507
1344 , 1344 , 153 , 153 , 42062
1376 , 1376 , 174 , 174 , 43229
1408 , 1408 , 177 , 177 , 44619
1440 , 1440 , 208 , 208 , 45522
1472 , 1472 , 237 , 237 , 46695
1504 , 1504 , 237 , 237 , 47843
1536 , 1536 , 241 , 241 , 48883
1568 , 1568 , 272 , 272 , 50031
1600 , 1600 , 288 , 288 , 51378
1632 , 1632 , 302 , 302 , 52200
1664 , 1664 , 302 , 302 , 52820
1696 , 1696 , 318 , 318 , 54089
1728 , 1728 , 318 , 318 , 55720
1760 , 1760 , 318 , 318 , 57278
1792 , 1792 , 333 , 333 , 58364
1824 , 1824 , 362 , 362 , 59857
1856 , 1856 , 388 , 388 , 61357
1888 , 1888 , 388 , 388 , 62524
1920 , 1920 , 410 , 410 , 63452
1952 , 1952 , 436 , 436 , 67174
1984 , 1984 , 457 , 457 , 69194
2016 , 2016 , 489 , 489 , 70228
2048 , 2048 , 509 , 509 , 71487
2080 , 2080 , 509 , 509 , 72787
2112 , 2112 , 509 , 509 , 74045
2144 , 2144 , 530 , 530 , 75231
2176 , 2176 , 559 , 559 , 76675
2208 , 2208 , 565 , 565 , 78394
2240 , 2240 , 569 , 569 , 80102
2272 , 2272 , 601 , 601 , 81458
2304 , 2304 , 632 , 632 , 82347
2336 , 2336 , 642 , 642 , 83696
2368 , 2368 , 674 , 674 , 84935
2400 , 2400 , 685 , 685 , 85472
2432 , 2432 , 685 , 685 , 86006
2464 , 2464 , 685 , 685 , 86520
2496 , 2496 , 717 , 717 , 87566
2528 , 2528 , 749 , 749 , 88379
2560 , 2560 , 756 , 756 , 88976
2592 , 2592 , 777 , 777 , 89885
2624 , 2624 , 809 , 809 , 90955
2656 , 2656 , 841 , 841 , 93637
2688 , 2688 , 873 , 873 , 94625
2720 , 2720 , 905 , 905 , 96243
2752 , 2752 , 937 , 937 , 97489
2784 , 2784 , 939 , 939 , 98644
2816 , 2816 , 966 , 966 , 99870
2848 , 2848 , 996 , 996 , 101142
2880 , 2880 , 1015 , 1015 , 102805
2912 , 2912 , 1015 , 1015 , 104459
2944 , 2944 , 1030 , 1030 , 105806
2976 , 2976 , 1058 , 1058 , 106272
3008 , 3008 , 1058 , 1058 , 106751
3040 , 3040 , 1058 , 1058 , 107197
3072 , 3072 , 1058 , 1058 , 107661
3104 , 3104 , 1058 , 1058 , 108131
3136 , 3136 , 1071 , 1071 , 108860
3168 , 3168 , 1103 , 1103 , 110551
3200 , 3200 , 1135 , 1135 , 111888
3232 , 3232 , 1167 , 1167 , 113424
3264 , 3264 , 1197 , 1197 , 114450
3296 , 3296 , 1205 , 1205 , 115474
3328 , 3328 , 1236 , 1236 , 115894
3360 , 3360 , 1236 , 1236 , 116307
3392 , 3392 , 1236 , 1236 , 116724
3424 , 3424 , 1244 , 1244 , 117428
3456 , 3456 , 1276 , 1276 , 118563
3488 , 3488 , 1300 , 1300 , 119906
3520 , 3520 , 1302 , 1302 , 121264
3552 , 3552 , 1334 , 1334 , 122862
3584 , 3584 , 1366 , 1366 , 124186
3616 , 3616 , 1393 , 1393 , 125849
3648 , 3648 , 1393 , 1393 , 127557
3680 , 3680 , 1419 , 1419 , 130065
3712 , 3712 , 1451 , 1451 , 134503
3744 , 3744 , 1483 , 1483 , 136287
3776 , 3776 , 1514 , 1514 , 137814
3808 , 3808 , 1539 , 1539 , 139252
3840 , 3840 , 1571 , 1571 , 140194
3872 , 3872 , 1603 , 1603 , 141763
3904 , 3904 , 1619 , 1619 , 143570
3936 , 3936 , 1619 , 1619 , 145339
3968 , 3968 , 1650 , 1650 , 146884
4000 , 4000 , 1682 , 1682 , 148204
4032 , 4032 , 1709 , 1709 , 149446
4064 , 4064 , 1741 , 1741 , 151129
4096 , 4096 , 1773 , 1773 , 152219
4128 , 4128 , 1805 , 1805 , 153452
4160 , 4160 , 1837 , 1837 , 154767
4192 , 4192 , 1869 , 1869 , 155785
4224 , 4224 , 1890 , 1890 , 156753
4256 , 4256 , 1922 , 1922 , 157967
4288 , 4288 , 1953 , 1953 , 159006
4320 , 4320 , 1985 , 1985 , 160251
4352 , 4352 , 2017 , 2017 , 160823
4384 , 4384 , 2030 , 2030 , 161413
4416 , 4416 , 2030 , 2030 , 161995
4448 , 4448 , 2050 , 2050 , 163031
4480 , 4480 , 2082 , 2082 , 163981
4512 , 4512 , 2114 , 2114 , 165101
4544 , 4544 , 2146 , 2146 , 166110
4576 , 4576 , 2178 , 2178 , 166872
4608 , 4608 , 2186 , 2186 , 167615
4640 , 4640 , 2186 , 2186 , 168355
4672 , 4672 , 2198 , 2198 , 169298
4704 , 4704 , 2230 , 2230 , 170536
4736 , 4736 , 2262 , 2262 , 171728
4768 , 4768 , 2278 , 2278 , 172924
4800 , 4800 , 2310 , 2310 , 174955
4832 , 4832 , 2331 , 2331 , 177047
4864 , 4864 , 2331 , 2331 , 179045
4896 , 4896 , 2353 , 2353 , 180293
4928 , 4928 , 2385 , 2385 , 181734
4960 , 4960 , 2417 , 2417 , 183429
4992 , 4992 , 2435 , 2435 , 185159
5024 , 5024 , 2457 , 2457 , 186523
5056 , 5056 , 2489 , 2489 , 187721
5088 , 5088 , 2521 , 2521 , 188840
5120 , 5120 , 2553 , 2553 , 189884
5152 , 5152 , 2585 , 2585 , 190951
5184 , 5184 , 2617 , 2617 , 192037
5216 , 5216 , 2649 , 2649 , 192974
5248 , 5248 , 2660 , 2660 , 193987
5280 , 5280 , 2660 , 2660 , 194973
5312 , 5312 , 2660 , 2660 , 195990
5344 , 5344 , 2660 , 2660 , 196985
5376 , 5376 , 2660 , 2660 , 197992
5408 , 5408 , 2660 , 2660 , 198952
5440 , 5440 , 2660 , 2660 , 199931
5472 , 5472 , 2689 , 2689 , 200975
5504 , 5504 , 2721 , 2721 , 202107
5536 , 5536 , 2753 , 2753 , 203938
5568 , 5568 , 2781 , 2781 , 205704
5600 , 5600 , 2787 , 2787 , 207322
5632 , 5632 , 2819 , 2819 , 208418
5664 , 5664 , 2847 , 2847 , 209524
5696 , 5696 , 2859 , 2859 , 211923
5728 , 5728 , 2891 , 2891 , 213491
5760 , 5760 , 2923 , 2923 , 215293
5792 , 5792 , 2948 , 2948 , 217104
5824 , 5824 , 2964 , 2964 , 218195
5856 , 5856 , 2996 , 2996 , 218620
5888 , 5888 , 3028 , 3028 , 219549
5920 , 5920 , 3060 , 3060 , 220700
5952 , 5952 , 3092 , 3092 , 221843
5984 , 5984 , 3124 , 3124 , 223023
6016 , 6016 , 3156 , 3156 , 224369
6048 , 6048 , 3188 , 3188 , 225588
6080 , 6080 , 3220 , 3220 , 226857
6112 , 6112 , 3252 , 3252 , 227879
6144 , 6144 , 3284 , 3284 , 228956
6176 , 6176 , 3316 , 3316 , 230044
6208 , 6208 , 3348 , 3348 , 230821
6240 , 6240 , 3380 , 3380 , 231275
6272 , 6272 , 3412 , 3412 , 232121
6304 , 6304 , 3444 , 3444 , 232955
6336 , 6336 , 3476 , 3476 , 234057
6368 , 6368 , 3508 , 3508 , 235076
6400 , 6400 , 3540 , 3540 , 236189
6432 , 6432 , 3572 , 3572 , 237501
6464 , 6464 , 3604 , 3604 , 238058
6496 , 6496 , 3636 , 3636 , 238473
6528 , 6528 , 3651 , 3651 , 238894
6560 , 6560 , 3653 , 3653 , 239348
6592 , 6592 , 3685 , 3685 , 240390
6624 , 6624 , 3717 , 3717 , 241382
6656 , 6656 , 3728 , 3728 , 242447
6688 , 6688 , 3728 , 3728 , 243471
6720 , 6720 , 3734 , 3734 , 244593
6752 , 6752 , 3766 , 3766 , 245797
6784 , 6784 , 3798 , 3798 , 247045
6816 , 6816 , 3830 , 3830 , 248316
6848 , 6848 , 3841 , 3841 , 249562
6880 , 6880 , 3867 , 3867 , 251009
6912 , 6912 , 3899 , 3899 , 252362
6944 , 6944 , 3931 , 3931 , 253442
6976 , 6976 , 3963 , 3963 , 255154
7008 , 7008 , 3995 , 3995 , 259633
7040 , 7040 , 4027 , 4027 , 260822
7072 , 7072 , 4059 , 4059 , 261388
7104 , 7104 , 4087 , 4087 , 261964
7136 , 7136 , 4100 , 4100 , 262661
7168 , 7168 , 4132 , 4132 , 263722
7200 , 7200 , 4164 , 4164 , 264874
7232 , 7232 , 4196 , 4196 , 266075
7264 , 7264 , 4228 , 4228 , 267350
7296 , 7296 , 4260 , 4260 , 268291
7328 , 7328 , 4292 , 4292 , 269500
7360 , 7360 , 4324 , 4324 , 270607
7392 , 7392 , 4356 , 4356 , 271297
7424 , 7424 , 4388 , 4388 , 275425
7456 , 7456 , 4420 , 4420 , 277501
7488 , 7488 , 4452 , 4452 , 278951
7520 , 7520 , 4484 , 4484 , 280035
7552 , 7552 , 4516 , 4516 , 281785
7584 , 7584 , 4548 , 4548 , 282247
7616 , 7616 , 4580 , 4580 , 282769
7648 , 7648 , 4612 , 4612 , 283411
7680 , 7680 , 4644 , 4644 , 284074
7712 , 7712 , 4676 , 4676 , 285459
7744 , 7744 , 4708 , 4708 , 287068
7776 , 7776 , 4740 , 4740 , 288413
7808 , 7808 , 4772 , 4772 , 290195
7840 , 7840 , 4804 , 4804 , 291907
7872 , 7872 , 4836 , 4836 , 292647
7904 , 7904 , 4868 , 4868 , 293499
7936 , 7936 , 4900 , 4900 , 294675
7968 , 7968 , 4932 , 4932 , 295573
8000 , 8000 , 4964 , 4964 , 297189
8032 , 8032 , 4996 , 4996 , 298923
8064 , 8064 , 5028 , 5028 , 304088
8096 , 8096 , 5060 , 5060 , 305449
8128 , 8128 , 5092 , 5092 , 305897
8160 , 8160 , 5124 , 5124 , 306343
8192 , 8192 , 5135 , 5135 , 306781
8224 , 8224 , 5135 , 5135 , 307237
8256 , 8256 , 5140 , 5140 , 308163
8288 , 8288 , 5172 , 5172 , 308975
8320 , 8320 , 5204 , 5204 , 309595
8352 , 8352 , 5236 , 5236 , 310548
8384 , 8384 , 5268 , 5268 , 311067
8416 , 8416 , 5300 , 5300 , 311591
8448 , 8448 , 5326 , 5326 , 312116
8480 , 8480 , 5326 , 5326 , 312639
8512 , 8512 , 5340 , 5340 , 313339
8544 , 8544 , 5372 , 5372 , 314174
8576 , 8576 , 5404 , 5404 , 314923
8608 , 8608 , 5436 , 5436 , 315665
8640 , 8640 , 5455 , 5455 , 316401
8672 , 8672 , 5479 , 5479 , 317246
8704 , 8704 , 5511 , 5511 , 318240
8736 , 8736 , 5543 , 5543 , 319386
8768 , 8768 , 5575 , 5575 , 320673
8800 , 8800 , 5607 , 5607 , 321715
8832 , 8832 , 5639 , 5639 , 323000
8864 , 8864 , 5671 , 5671 , 324798
8896 , 8896 , 5703 , 5703 , 326623
8928 , 8928 , 5735 , 5735 , 327701
8960 , 8960 , 5767 , 5767 , 329465
8992 , 8992 , 5799 , 5799 , 331185
9024 , 9024 , 5831 , 5831 , 332936
9056 , 9056 , 5863 , 5863 , 334052
9088 , 9088 , 5895 , 5895 , 335657
9120 , 9120 , 5927 , 5927 , 336566
9152 , 9152 , 5959 , 5959 , 338009
9184 , 9184 , 5991 , 5991 , 339078
9216 , 9216 , 6023 , 6023 , 340038
9248 , 9248 , 6055 , 6055 , 340976
9280 , 9280 , 6081 , 6081 , 341943
9312 , 9312 , 6081 , 6081 , 342939
9344 , 9344 , 6081 , 6081 , 343901
9376 , 9376 , 6111 , 6111 , 344332
9408 , 9408 , 6143 , 6143 , 344748
9440 , 9440 , 6175 , 6175 , 345168
9472 , 9472 , 6194 , 6194 , 345596
9504 , 9504 , 6194 , 6194 , 346012
9536 , 9536 , 6194 , 6194 , 346432
9568 , 9568 , 6194 , 6194 , 346847
9600 , 9600 , 6194 , 6194 , 347265
9632 , 9632 , 6205 , 6205 , 347939
9664 , 9664 , 6237 , 6237 , 349279
9696 , 9696 , 6269 , 6269 , 350230
9728 , 9728 , 6301 , 6301 , 351377
9760 , 9760 , 6333 , 6333 , 352314
9792 , 9792 , 6365 , 6365 , 353426
9824 , 9824 , 6397 , 6397 , 355351
9856 , 9856 , 6429 , 6429 , 356914
9888 , 9888 , 6461 , 6461 , 358001
9920 , 9920 , 6493 , 6493 , 358969
9952 , 9952 , 6525 , 6525 , 360084
9984 , 9984 , 6557 , 6557 , 360760
10016 , 10016 , 6589 , 6589 , 361333
10048 , 10048 , 6621 , 6621 , 363340
10080 , 10080 , 6653 , 6653 , 364561
10112 , 10112 , 6685 , 6685 , 365692
10144 , 10144 , 6717 , 6717 , 366861
10176 , 10176 , 6749 , 6749 , 368107
10208 , 10208 , 6781 , 6781 , 369720
10240 , 10240 , 6813 , 6813 , 371077
10272 , 10272 , 6845 , 6845 , 372140
10304 , 10304 , 6877 , 6877 , 373168
10336 , 10336 , 6909 , 6909 , 374164
10368 , 10368 , 6941 , 6941 , 375186
10400 , 10400 , 6943 , 6943 , 376252
10432 , 10432 , 6969 , 6969 , 377486
10464 , 10464 , 7001 , 7001 , 378785
10496 , 10496 , 7033 , 7033 , 380139
10528 , 10528 , 7065 , 7065 , 381420
10560 , 10560 , 7097 , 7097 , 382595
10592 , 10592 , 7129 , 7129 , 383619
10624 , 10624 , 7161 , 7161 , 384682
10656 , 10656 , 7193 , 7193 , 385750
10688 , 10688 , 7225 , 7225 , 387423
10720 , 10720 , 7257 , 7257 , 389074
10752 , 10752 , 7289 , 7289 , 390452
10784 , 10784 , 7321 , 7321 , 391597
10816 , 10816 , 7353 , 7353 , 392952
10848 , 10848 , 7385 , 7385 , 394344
10880 , 10880 , 7417 , 7417 , 395660
10912 , 10912 , 7449 , 7449 , 397006
10944 , 10944 , 7481 , 7481 , 398224
10976 , 10976 , 7513 , 7513 , 399448
11008 , 11008 , 7545 , 7545 , 400476
11040 , 11040 , 7577 , 7577 , 401220
11072 , 11072 , 7609 , 7609 , 402167
11104 , 11104 , 7641 , 7641 , 403229
11136 , 11136 , 7673 , 7673 , 404442
11168 , 11168 , 7705 , 7705 , 405622
11200 , 11200 , 7737 , 7737 , 406785
11232 , 11232 , 7769 , 7769 , 407301
11264 , 11264 , 7801 , 7801 , 407843
11296 , 11296 , 7833 , 7833 , 408370
11328 , 11328 , 7865 , 7865 , 409399
11360 , 11360 , 7897 , 7897 , 410791
11392 , 11392 , 7929 , 7929 , 412118
11424 , 11424 , 7961 , 7961 , 413490
11456 , 11456 , 7993 , 7993 , 414692
11488 , 11488 , 8025 , 8025 , 415780
11520 , 11520 , 8057 , 8057 , 416982
11552 , 11552 , 8089 , 8089 , 418110
11584 , 11584 , 8121 , 8121 , 419640
11616 , 11616 , 8153 , 8153 , 421346
11648 , 11648 , 8185 , 8185 , 423154
11680 , 11680 , 8217 , 8217 , 424857
11712 , 11712 , 8249 , 8249 , 426188
11744 , 11744 , 8281 , 8281 , 427436
11776 , 11776 , 8313 , 8313 , 428502
11808 , 11808 , 8345 , 8345 , 429462
11840 , 11840 , 8377 , 8377 , 430409
11872 , 11872 , 8409 , 8409 , 431332
11904 , 11904 , 8426 , 8426 , 432288
11936 , 11936 , 8431 , 8431 , 433222
11968 , 11968 , 8463 , 8463 , 434091
12000 , 12000 , 8495 , 8495 , 434629
12032 , 12032 , 8527 , 8527 , 435046
12064 , 12064 , 8559 , 8559 , 435458
12096 , 12096 , 8591 , 8591 , 435879
12128 , 12128 , 8613 , 8613 , 436306
12160 , 12160 , 8613 , 8613 , 436732
12192 , 12192 , 8613 , 8613 , 437155
12224 , 12224 , 8613 , 8613 , 437565
12256 , 12256 , 8616 , 8616 , 438034
12288 , 12288 , 8648 , 8648 , 439114
12320 , 12320 , 8680 , 8680 , 440180
12352 , 12352 , 8712 , 8712 , 441360
12384 , 12384 , 8744 , 8744 , 442649
12416 , 12416 , 8776 , 8776 , 443827
12448 , 12448 , 8808 , 8808 , 444939
12480 , 12480 , 8840 , 8840 , 446395
12512 , 12512 , 8872 , 8872 , 448109
12544 , 12544 , 8904 , 8904 , 449644
12576 , 12576 , 8936 , 8936 , 450969
12608 , 12608 , 8968 , 8968 , 452349
12640 , 12640 , 9000 , 9000 , 453432
12672 , 12672 , 9032 , 9032 , 454361
12704 , 12704 , 9064 , 9064 , 455566
12736 , 12736 , 9096 , 9096 , 456702
12768 , 12768 , 9128 , 9128 , 458107
12800 , 12800 , 9160 , 9160 , 458733
12832 , 12832 , 9192 , 9192 , 459193
12864 , 12864 , 9224 , 9224 , 459660
12896 , 12896 , 9256 , 9256 , 460117
12928 , 12928 , 9284 , 9284 , 460581
12960 , 12960 , 9284 , 9284 , 461056
12992 , 12992 , 9284 , 9284 , 461523
13024 , 13024 , 9284 , 9284 , 461978
13056 , 13056 , 9292 , 9292 , 462685
13088 , 13088 , 9324 , 9324 , 464097
13120 , 13120 , 9356 , 9356 , 465549
13152 , 13152 , 9388 , 9388 , 466982
13184 , 13184 , 9420 , 9420 , 469324
13216 , 13216 , 9452 , 9452 , 471037
13248 , 13248 , 9484 , 9484 , 472638
13280 , 13280 , 9516 , 9516 , 474259
13312 , 13312 , 9548 , 9548 , 475595
13344 , 13344 , 9580 , 9580 , 476991
13376 , 13376 , 9612 , 9612 , 478204
13408 , 13408 , 9644 , 9644 , 478622
13440 , 13440 , 9676 , 9676 , 479037
13472 , 13472 , 9708 , 9708 , 479446
13504 , 13504 , 9740 , 9740 , 479862
13536 , 13536 , 9763 , 9763 , 480278
13568 , 13568 , 9783 , 9783 , 480989
13600 , 13600 , 9815 , 9815 , 481902
13632 , 13632 , 9847 , 9847 , 483124
13664 , 13664 , 9879 , 9879 , 484749
13696 , 13696 , 9911 , 9911 , 485914
13728 , 13728 , 9943 , 9943 , 486590
13760 , 13760 , 9975 , 9975 , 487767
13792 , 13792 , 10007 , 10007 , 489349
13824 , 13824 , 10039 , 10039 , 490855
13856 , 13856 , 10071 , 10071 , 492461
13888 , 13888 , 10103 , 10103 , 493504
13920 , 13920 , 10135 , 10135 , 494393
13952 , 13952 , 10167 , 10167 , 495383
13984 , 13984 , 10199 , 10199 , 496565
14016 , 14016 , 10231 , 10231 , 497739
14048 , 14048 , 10263 , 10263 , 498703
14080 , 14080 , 10295 , 10295 , 499917
14112 , 14112 , 10327 , 10327 , 501203
14144 , 14144 , 10359 , 10359 , 502355
14176 , 14176 , 10391 , 10391 , 502965
14208 , 14208 , 10423 , 10423 , 504465
14240 , 14240 , 10455 , 10455 , 505950
14272 , 14272 , 10487 , 10487 , 507225
14304 , 14304 , 10519 , 10519 , 508544
14336 , 14336 , 10551 , 10551 , 510022
14368 , 14368 , 10583 , 10583 , 511154
14400 , 14400 , 10615 , 10615 , 512357
14432 , 14432 , 10647 , 10647 , 513495
