32 , 32 , 0 , 0 , 725
64 , 64 , 0 , 0 , 1298
96 , 96 , 0 , 0 , 1865
128 , 128 , 0 , 0 , 2527
160 , 160 , 0 , 0 , 4067
192 , 192 , 0 , 0 , 4816
224 , 224 , 0 , 0 , 5483
256 , 256 , 0 , 0 , 6413
288 , 288 , 0 , 0 , 7449
320 , 320 , 0 , 0 , 8542
352 , 352 , 2 , 2 , 9544
384 , 384 , 2 , 2 , 10534
416 , 416 , 2 , 2 , 11522
448 , 448 , 2 , 2 , 12562
480 , 480 , 2 , 2 , 13606
512 , 512 , 7 , 7 , 14133
544 , 544 , 7 , 7 , 14594
576 , 576 , 11 , 11 , 16064
608 , 608 , 11 , 11 , 17744
640 , 640 , 11 , 11 , 19382
672 , 672 , 16 , 16 , 20889
704 , 704 , 27 , 27 , 22371
736 , 736 , 29 , 29 , 23533
768 , 768 , 35 , 35 , 24827
800 , 800 , 53 , 53 , 26084
832 , 832 , 53 , 53 , 26958
864 , 864 , 61 , 61 , 27946
896 , 896 , 61 , 61 , 29055
928 , 928 , 66 , 66 , 30397
960 , 960 , 73 , 73 , 31246
992 , 992 , 73 , 73 , 31982
1024 , 1024 , 73 , 73 , 32711
1056 , 1056 , 73 , 73 , 33470
1088 , 1088 , 95 , 95 , 34668
1120 , 1120 , 116 , 116 , 35707
1152 , 1152 , 120 , 120 , 36883
1184 , 1184 , 125 , 125 , 38066
1216 , 1216 , 129 , 129 , 39542
1248 , 1248 , 134 , 134 , 40064
1280 , 1280 , 134 , 134 , 40596
1312 , 1312 , 134 , 134 , 41128
1344 , 1344 , 148 , 148 , 41649
1376 , 1376 , 170 , 170 , 42619
1408 , 1408 , 176 , 176 , 44172
1440 , 1440 , 177 , 177 , 45721
1472 , 1472 , 195 , 195 , 46585
1504 , 1504 , 195 , 195 , 47796
1536 , 1536 , 195 , 195 , 49014
1568 , 1568 , 205 , 205 , 50165
1600 , 1600 , 216 , 216 , 51174
1632 , 1632 , 224 , 224 , 52197
1664 , 1664 , 232 , 232 , 53576
1696 , 1696 , 259 , 259 , 55759
1728 , 1728 , 276 , 276 , 57037
1760 , 1760 , 295 , 295 , 58347
1792 , 1792 , 295 , 295 , 59618
1824 , 1824 , 308 , 308 , 60986
1856 , 1856 , 309 , 309 , 62513
1888 , 1888 , 334 , 334 , 64204
1920 , 1920 , 334 , 334 , 65994
1952 , 1952 , 334 , 334 , 67804
1984 , 1984 , 357 , 357 , 69145
2016 , 2016 , 362 , 362 , 69706
2048 , 2048 , 362 , 362 , 70284
2080 , 2080 , 362 , 362 , 70853
2112 , 2112 , 392 , 392 , 72236
2144 , 2144 , 424 , 424 , 73295
2176 , 2176 , 444 , 444 , 74547
2208 , 2208 , 474 , 474 , 75846
2240 , 2240 , 494 , 494 , 77030
2272 , 2272 , 494 , 494 , 78030
2304 , 2304 , 521 , 521 , 79420
2336 , 2336 , 542 , 542 , 81018
2368 , 2368 , 542 , 542 , 82685
2400 , 2400 , 546 , 546 , 84386
2432 , 2432 , 561 , 561 , 86016
2464 , 2464 , 561 , 561 , 87671
2496 , 2496 , 571 , 571 , 89240
2528 , 2528 , 603 , 603 , 90831
2560 , 2560 , 612 , 612 , 91408
2592 , 2592 , 612 , 612 , 91994
2624 , 2624 , 612 , 612 , 92577
2656 , 2656 , 638 , 638 , 94056
2688 , 2688 , 670 , 670 , 95683
2720 , 2720 , 700 , 700 , 96441
2752 , 2752 , 722 , 722 , 97026
2784 , 2784 , 722 , 722 , 97613
2816 , 2816 , 722 , 722 , 98185
2848 , 2848 , 740 , 740 , 99019
2880 , 2880 , 767 , 767 , 100215
2912 , 2912 , 767 , 767 , 101411
2944 , 2944 , 773 , 773 , 102548
2976 , 2976 , 796 , 796 , 102971
3008 , 3008 , 796 , 796 , 103394
3040 , 3040 , 796 , 796 , 103812
3072 , 3072 , 803 , 803 , 104494
3104 , 3104 , 835 , 835 , 105671
3136 , 3136 , 858 , 858 , 106412
3168 , 3168 , 881 , 881 , 107843
3200 , 3200 , 913 , 913 , 109137
3232 , 3232 , 945 , 945 , 112364
3264 , 3264 , 977 , 977 , 113785
3296 , 3296 , 996 , 996 , 114683
3328 , 3328 , 1010 , 1010 , 115126
3360 , 3360 , 1010 , 1010 , 115579
3392 , 3392 , 1010 , 1010 , 116041
3424 , 3424 , 1010 , 1010 , 116499
3456 , 3456 , 1010 , 1010 , 116949
3488 , 3488 , 1033 , 1033 , 118104
3520 , 3520 , 1065 , 1065 , 118879
3552 , 3552 , 1081 , 1081 , 119300
3584 , 3584 , 1081 , 1081 , 119716
3616 , 3616 , 1081 , 1081 , 120124
3648 , 3648 , 1097 , 1097 , 121043
3680 , 3680 , 1129 , 1129 , 122474
3712 , 3712 , 1161 , 1161 , 123486
3744 , 3744 , 1170 , 1170 , 124555
3776 , 3776 , 1170 , 1170 , 125557
3808 , 3808 , 1170 , 1170 , 126609
3840 , 3840 , 1170 , 1170 , 127643
3872 , 3872 , 1194 , 1194 , 129241
3904 , 3904 , 1205 , 1205 , 131029
3936 , 3936 , 1205 , 1205 , 132878
3968 , 3968 , 1232 , 1232 , 134335
4000 , 4000 , 1251 , 1251 , 135923
4032 , 4032 , 1271 , 1271 , 137064
4064 , 4064 , 1285 , 1285 , 138076
4096 , 4096 , 1310 , 1310 , 138741
4128 , 4128 , 1320 , 1320 , 139333
4160 , 4160 , 1344 , 1344 , 140446
4192 , 4192 , 1376 , 1376 , 146269
4224 , 4224 , 1408 , 1408 , 148061
4256 , 4256 , 1416 , 1416 , 149902
4288 , 4288 , 1420 , 1420 , 151507
4320 , 4320 , 1452 , 1452 , 152645
4352 , 4352 , 1484 , 1484 , 153998
4384 , 4384 , 1516 , 1516 , 155080
4416 , 4416 , 1548 , 1548 , 156457
4448 , 4448 , 1580 , 1580 , 158160
4480 , 4480 , 1584 , 1584 , 159870
4512 , 4512 , 1608 , 1608 , 161100
4544 , 4544 , 1640 , 1640 , 161742
4576 , 4576 , 1672 , 1672 , 162370
4608 , 4608 , 1681 , 1681 , 163292
4640 , 4640 , 1713 , 1713 , 165107
4672 , 4672 , 1731 , 1731 , 166572
4704 , 4704 , 1763 , 1763 , 168170
4736 , 4736 , 1781 , 1781 , 169785
4768 , 4768 , 1781 , 1781 , 171364
4800 , 4800 , 1802 , 1802 , 174158
4832 , 4832 , 1834 , 1834 , 179118
4864 , 4864 , 1866 , 1866 , 180461
4896 , 4896 , 1898 , 1898 , 181647
4928 , 4928 , 1930 , 1930 , 182754
4960 , 4960 , 1962 , 1962 , 183916
4992 , 4992 , 1994 , 1994 , 186303
5024 , 5024 , 2026 , 2026 , 189642
5056 , 5056 , 2058 , 2058 , 190710
5088 , 5088 , 2090 , 2090 , 192048
5120 , 5120 , 2122 , 2122 , 193235
5152 , 5152 , 2154 , 2154 , 194286
5184 , 5184 , 2186 , 2186 , 195329
5216 , 5216 , 2218 , 2218 , 196093
5248 , 5248 , 2250 , 2250 , 197177
5280 , 5280 , 2273 , 2273 , 198325
5312 , 5312 , 2305 , 2305 , 199431
5344 , 5344 , 2337 , 2337 , 200454
5376 , 5376 , 2369 , 2369 , 201788
5408 , 5408 , 2401 , 2401 , 203239
5440 , 5440 , 2433 , 2433 , 204771
5472 , 5472 , 2465 , 2465 , 205681
5504 , 5504 , 2497 , 2497 , 207011
5536 , 5536 , 2524 , 2524 , 208360
5568 , 5568 , 2524 , 2524 , 209722
5600 , 5600 , 2547 , 2547 , 210788
5632 , 5632 , 2579 , 2579 , 211691
5664 , 5664 , 2611 , 2611 , 213015
5696 , 5696 , 2643 , 2643 , 213892
5728 , 5728 , 2675 , 2675 , 215391
5760 , 5760 , 2707 , 2707 , 216506
5792 , 5792 , 2739 , 2739 , 217627
5824 , 5824 , 2761 , 2761 , 218774
5856 , 5856 , 2790 , 2790 , 219877
5888 , 5888 , 2822 , 2822 , 221047
5920 , 5920 , 2854 , 2854 , 222224
5952 , 5952 , 2886 , 2886 , 223139
5984 , 5984 , 2918 , 2918 , 223694
6016 , 6016 , 2926 , 2926 , 224245
6048 , 6048 , 2926 , 2926 , 224798
6080 , 6080 , 2926 , 2926 , 225343
6112 , 6112 , 2950 , 2950 , 226463
6144 , 6144 , 2982 , 2982 , 227835
6176 , 6176 , 3008 , 3008 , 229292
6208 , 6208 , 3008 , 3008 , 230733
6240 , 6240 , 3034 , 3034 , 231898
6272 , 6272 , 3066 , 3066 , 232989
6304 , 6304 , 3098 , 3098 , 234674
6336 , 6336 , 3130 , 3130 , 236432
6368 , 6368 , 3131 , 3131 , 238171
6400 , 6400 , 3154 , 3154 , 239731
6432 , 6432 , 3186 , 3186 , 241319
6464 , 6464 , 3218 , 3218 , 243008
6496 , 6496 , 3239 , 3239 , 244441
6528 , 6528 , 3271 , 3271 , 245127
6560 , 6560 , 3303 , 3303 , 245830
6592 , 6592 , 3335 , 3335 , 246753
6624 , 6624 , 3367 , 3367 , 247673
6656 , 6656 , 3399 , 3399 , 248288
6688 , 6688 , 3431 , 3431 , 248702
6720 , 6720 , 3445 , 3445 , 249119
6752 , 6752 , 3445 , 3445 , 249542
6784 , 6784 , 3445 , 3445 , 249965
6816 , 6816 , 3445 , 3445 , 250392
6848 , 6848 , 3445 , 3445 , 250818
6880 , 6880 , 3445 , 3445 , 251235
6912 , 6912 , 3450 , 3450 , 251769
6944 , 6944 , 3482 , 3482 , 252804
6976 , 6976 , 3514 , 3514 , 253973
7008 , 7008 , 3546 , 3546 , 255362
7040 , 7040 , 3578 , 3578 , 256370
7072 , 7072 , 3610 , 3610 , 257455
7104 , 7104 , 3642 , 3642 , 258722
7136 , 7136 , 3674 , 3674 , 259993
7168 , 7168 , 3689 , 3689 , 261269
7200 , 7200 , 3692 , 3692 , 262505
7232 , 7232 , 3724 , 3724 , 263881
7264 , 7264 , 3756 , 3756 , 265501
7296 , 7296 , 3788 , 3788 , 267383
7328 , 7328 , 3814 , 3814 , 269255
7360 , 7360 , 3817 , 3817 , 270915
7392 , 7392 , 3849 , 3849 , 271372
7424 , 7424 , 3881 , 3881 , 271838
7456 , 7456 , 3888 , 3888 , 272304
7488 , 7488 , 3888 , 3888 , 272783
7520 , 7520 , 3888 , 3888 , 273260
7552 , 7552 , 3888 , 3888 , 273707
7584 , 7584 , 3888 , 3888 , 274170
7616 , 7616 , 3888 , 3888 , 274642
7648 , 7648 , 3904 , 3904 , 275672
7680 , 7680 , 3936 , 3936 , 277063
7712 , 7712 , 3968 , 3968 , 278256
7744 , 7744 , 4000 , 4000 , 279248
7776 , 7776 , 4032 , 4032 , 280654
7808 , 7808 , 4064 , 4064 , 282080
7840 , 7840 , 4096 , 4096 , 282534
7872 , 7872 , 4128 , 4128 , 282993
7904 , 7904 , 4144 , 4144 , 283434
7936 , 7936 , 4144 , 4144 , 283891
7968 , 7968 , 4144 , 4144 , 284354
8000 , 8000 , 4144 , 4144 , 284799
8032 , 8032 , 4144 , 4144 , 285245
8064 , 8064 , 4144 , 4144 , 285684
8096 , 8096 , 4156 , 4156 , 286396
8128 , 8128 , 4188 , 4188 , 287755
8160 , 8160 , 4220 , 4220 , 289363
8192 , 8192 , 4252 , 4252 , 290653
8224 , 8224 , 4284 , 4284 , 292230
8256 , 8256 , 4316 , 4316 , 293829
8288 , 8288 , 4328 , 4328 , 295416
8320 , 8320 , 4341 , 4341 , 296617
8352 , 8352 , 4373 , 4373 , 297260
8384 , 8384 , 4405 , 4405 , 298080
8416 , 8416 , 4437 , 4437 , 299239
8448 , 8448 , 4469 , 4469 , 300345
8480 , 8480 , 4501 , 4501 , 301355
8512 , 8512 , 4533 , 4533 , 302290
8544 , 8544 , 4565 , 4565 , 303298
8576 , 8576 , 4582 , 4582 , 304268
8608 , 8608 , 4582 , 4582 , 305248
8640 , 8640 , 4582 , 4582 , 306213
8672 , 8672 , 4595 , 4595 , 307155
8704 , 8704 , 4627 , 4627 , 308331
8736 , 8736 , 4659 , 4659 , 309458
8768 , 8768 , 4691 , 4691 , 310820
8800 , 8800 , 4723 , 4723 , 312044
8832 , 8832 , 4755 , 4755 , 313557
8864 , 8864 , 4787 , 4787 , 315018
8896 , 8896 , 4819 , 4819 , 316568
8928 , 8928 , 4851 , 4851 , 317976
8960 , 8960 , 4883 , 4883 , 318675
8992 , 8992 , 4915 , 4915 , 319632
9024 , 9024 , 4947 , 4947 , 320610
9056 , 9056 , 4965 , 4965 , 321542
9088 , 9088 , 4965 , 4965 , 322506
9120 , 9120 , 4965 , 4965 , 323457
9152 , 9152 , 4983 , 4983 , 324942
9184 , 9184 , 5015 , 5015 , 326840
9216 , 9216 , 5047 , 5047 , 328707
9248 , 9248 , 5063 , 5063 , 330421
9280 , 9280 , 5095 , 5095 , 331769
9312 , 9312 , 5127 , 5127 , 332660
9344 , 9344 , 5159 , 5159 , 333598
9376 , 9376 , 5191 , 5191 , 334803
9408 , 9408 , 5223 , 5223 , 336034
9440 , 9440 , 5255 , 5255 , 337256
9472 , 9472 , 5287 , 5287 , 339970
9504 , 9504 , 5319 , 5319 , 342855
9536 , 9536 , 5351 , 5351 , 343962
9568 , 9568 , 5383 , 5383 , 345018
9600 , 9600 , 5415 , 5415 , 346457
9632 , 9632 , 5447 , 5447 , 348206
9664 , 9664 , 5479 , 5479 , 349742
9696 , 9696 , 5511 , 5511 , 351316
9728 , 9728 , 5543 , 5543 , 352484
9760 , 9760 , 5575 , 5575 , 353364
9792 , 9792 , 5607 , 5607 , 354357
9824 , 9824 , 5639 , 5639 , 355523
9856 , 9856 , 5671 , 5671 , 356582
9888 , 9888 , 5703 , 5703 , 357614
9920 , 9920 , 5735 , 5735 , 358557
9952 , 9952 , 5767 , 5767 , 359567
9984 , 9984 , 5799 , 5799 , 361168
10016 , 10016 , 5831 , 5831 , 362676
