32 , 32 , 0 , 0 , 977
64 , 64 , 0 , 0 , 1979
96 , 96 , 0 , 0 , 3179
128 , 128 , 0 , 0 , 3821
160 , 160 , 0 , 0 , 4468
192 , 192 , 0 , 0 , 5478
224 , 224 , 0 , 0 , 8872
256 , 256 , 6 , 6 , 13131
288 , 288 , 10 , 10 , 14081
320 , 320 , 10 , 10 , 15689
352 , 352 , 12 , 12 , 17180
384 , 384 , 19 , 19 , 18406
416 , 416 , 23 , 23 , 20014
448 , 448 , 23 , 23 , 21765
480 , 480 , 29 , 29 , 22889
512 , 512 , 29 , 29 , 23874
544 , 544 , 31 , 31 , 25089
576 , 576 , 32 , 32 , 26508
608 , 608 , 48 , 48 , 28636
640 , 640 , 52 , 52 , 32064
672 , 672 , 57 , 57 , 33005
704 , 704 , 57 , 57 , 34005
736 , 736 , 57 , 57 , 34938
768 , 768 , 57 , 57 , 35911
800 , 800 , 57 , 57 , 36883
832 , 832 , 68 , 68 , 37998
864 , 864 , 94 , 94 , 39042
896 , 896 , 94 , 94 , 39929
928 , 928 , 117 , 117 , 40644
960 , 960 , 137 , 137 , 42165
992 , 992 , 165 , 165 , 43776
1024 , 1024 , 175 , 175 , 50210
1056 , 1056 , 189 , 189 , 51206
1088 , 1088 , 210 , 210 , 52147
1120 , 1120 , 210 , 210 , 53167
1152 , 1152 , 225 , 225 , 54431
1184 , 1184 , 233 , 233 , 55574
1216 , 1216 , 233 , 233 , 56751
1248 , 1248 , 254 , 254 , 57533
1280 , 1280 , 281 , 281 , 58529
1312 , 1312 , 301 , 301 , 59844
1344 , 1344 , 316 , 316 , 60591
1376 , 1376 , 336 , 336 , 61369
1408 , 1408 , 355 , 355 , 62850
1440 , 1440 , 375 , 375 , 64021
1472 , 1472 , 399 , 399 , 65203
1504 , 1504 , 399 , 399 , 66243
1536 , 1536 , 411 , 411 , 67344
1568 , 1568 , 411 , 411 , 68571
1600 , 1600 , 411 , 411 , 69714
1632 , 1632 , 432 , 432 , 70753
1664 , 1664 , 432 , 432 , 71770
1696 , 1696 , 456 , 456 , 73058
1728 , 1728 , 474 , 474 , 74266
1760 , 1760 , 480 , 480 , 75257
1792 , 1792 , 496 , 496 , 76442
1824 , 1824 , 510 , 510 , 77459
1856 , 1856 , 517 , 517 , 78562
1888 , 1888 , 536 , 536 , 79740
1920 , 1920 , 550 , 550 , 80781
1952 , 1952 , 550 , 550 , 81802
1984 , 1984 , 575 , 575 , 82917
2016 , 2016 , 589 , 589 , 84064
2048 , 2048 , 615 , 615 , 85361
2080 , 2080 , 615 , 615 , 86734
2112 , 2112 , 615 , 615 , 88053
2144 , 2144 , 624 , 624 , 89546
2176 , 2176 , 653 , 653 , 90516
2208 , 2208 , 653 , 653 , 91078
2240 , 2240 , 653 , 653 , 91648
2272 , 2272 , 658 , 658 , 92335
2304 , 2304 , 680 , 680 , 93613
2336 , 2336 , 692 , 692 , 94278
2368 , 2368 , 694 , 694 , 94977
2400 , 2400 , 712 , 712 , 96395
2432 , 2432 , 731 , 731 , 97403
2464 , 2464 , 740 , 740 , 98344
2496 , 2496 , 749 , 749 , 99085
2528 , 2528 , 775 , 775 , 100638
2560 , 2560 , 807 , 807 , 101697
2592 , 2592 , 809 , 809 , 102719
2624 , 2624 , 831 , 831 , 103935
2656 , 2656 , 838 , 838 , 105053
2688 , 2688 , 870 , 870 , 105956
2720 , 2720 , 894 , 894 , 107038
2752 , 2752 , 894 , 894 , 108198
2784 , 2784 , 915 , 915 , 109325
2816 , 2816 , 941 , 941 , 110063
2848 , 2848 , 945 , 945 , 110482
2880 , 2880 , 945 , 945 , 110891
2912 , 2912 , 945 , 945 , 111311
2944 , 2944 , 967 , 967 , 112205
2976 , 2976 , 968 , 968 , 113347
3008 , 3008 , 982 , 982 , 114465
3040 , 3040 , 1013 , 1013 , 115774
3072 , 3072 , 1045 , 1045 , 116595
3104 , 3104 , 1050 , 1050 , 117316
3136 , 3136 , 1050 , 1050 , 118064
3168 , 3168 , 1050 , 1050 , 118822
3200 , 3200 , 1071 , 1071 , 119887
3232 , 3232 , 1096 , 1096 , 121279
3264 , 3264 , 1111 , 1111 , 122360
3296 , 3296 , 1143 , 1143 , 123552
3328 , 3328 , 1175 , 1175 , 125215
3360 , 3360 , 1185 , 1185 , 127290
3392 , 3392 , 1185 , 1185 , 129293
3424 , 3424 , 1186 , 1186 , 131197
3456 , 3456 , 1218 , 1218 , 132437
3488 , 3488 , 1250 , 1250 , 133936
3520 , 3520 , 1266 , 1266 , 134928
3552 , 3552 , 1266 , 1266 , 135904
3584 , 3584 , 1266 , 1266 , 136938
3616 , 3616 , 1266 , 1266 , 137946
3648 , 3648 , 1276 , 1276 , 138906
3680 , 3680 , 1306 , 1306 , 140046
3712 , 3712 , 1306 , 1306 , 141278
3744 , 3744 , 1307 , 1307 , 142427
3776 , 3776 , 1339 , 1339 , 143317
3808 , 3808 , 1352 , 1352 , 144221
3840 , 3840 , 1378 , 1378 , 145745
3872 , 3872 , 1378 , 1378 , 147326
3904 , 3904 , 1410 , 1410 , 148238
3936 , 3936 , 1439 , 1439 , 149246
3968 , 3968 , 1471 , 1471 , 150491
4000 , 4000 , 1503 , 1503 , 151698
4032 , 4032 , 1529 , 1529 , 153145
4064 , 4064 , 1561 , 1561 , 154166
4096 , 4096 , 1593 , 1593 , 155158
4128 , 4128 , 1593 , 1593 , 156122
4160 , 4160 , 1624 , 1624 , 157358
4192 , 4192 , 1630 , 1630 , 159224
4224 , 4224 , 1630 , 1630 , 161071
4256 , 4256 , 1635 , 1635 , 162674
4288 , 4288 , 1667 , 1667 , 163892
4320 , 4320 , 1691 , 1691 , 165001
4352 , 4352 , 1719 , 1719 , 166043
4384 , 4384 , 1750 , 1750 , 167240
4416 , 4416 , 1782 , 1782 , 169253
4448 , 4448 , 1814 , 1814 , 170864
4480 , 4480 , 1814 , 1814 , 172602
4512 , 4512 , 1814 , 1814 , 174371
4544 , 4544 , 1831 , 1831 , 175868
4576 , 4576 , 1863 , 1863 , 176457
4608 , 4608 , 1895 , 1895 , 177920
4640 , 4640 , 1927 , 1927 , 179257
4672 , 4672 , 1935 , 1935 , 180597
4704 , 4704 , 1935 , 1935 , 181926
4736 , 4736 , 1948 , 1948 , 183364
4768 , 4768 , 1969 , 1969 , 184888
4800 , 4800 , 1992 , 1992 , 186518
4832 , 4832 , 1996 , 1996 , 188247
4864 , 4864 , 1996 , 1996 , 189973
4896 , 4896 , 2010 , 2010 , 191486
4928 , 4928 , 2035 , 2035 , 192743
4960 , 4960 , 2037 , 2037 , 194001
4992 , 4992 , 2063 , 2063 , 195076
5024 , 5024 , 2064 , 2064 , 196177
5056 , 5056 , 2096 , 2096 , 197612
5088 , 5088 , 2128 , 2128 , 199076
5120 , 5120 , 2160 , 2160 , 199819
5152 , 5152 , 2184 , 2184 , 200806
5184 , 5184 , 2184 , 2184 , 201809
5216 , 5216 , 2184 , 2184 , 202801
5248 , 5248 , 2184 , 2184 , 203838
5280 , 5280 , 2194 , 2194 , 204862
5312 , 5312 , 2226 , 2226 , 205748
5344 , 5344 , 2258 , 2258 , 206526
5376 , 5376 , 2278 , 2278 , 207831
5408 , 5408 , 2290 , 2290 , 208830
5440 , 5440 , 2311 , 2311 , 209385
5472 , 5472 , 2311 , 2311 , 209916
5504 , 5504 , 2311 , 2311 , 210469
5536 , 5536 , 2311 , 2311 , 211006
5568 , 5568 , 2327 , 2327 , 211813
5600 , 5600 , 2359 , 2359 , 213120
5632 , 5632 , 2391 , 2391 , 214404
5664 , 5664 , 2411 , 2411 , 215913
5696 , 5696 , 2440 , 2440 , 217178
5728 , 5728 , 2472 , 2472 , 218444
5760 , 5760 , 2504 , 2504 , 219033
5792 , 5792 , 2508 , 2508 , 219575
5824 , 5824 , 2508 , 2508 , 220099
5856 , 5856 , 2524 , 2524 , 220625
5888 , 5888 , 2555 , 2555 , 222195
5920 , 5920 , 2555 , 2555 , 223785
5952 , 5952 , 2555 , 2555 , 225374
5984 , 5984 , 2567 , 2567 , 226752
6016 , 6016 , 2599 , 2599 , 228407
6048 , 6048 , 2609 , 2609 , 230240
6080 , 6080 , 2609 , 2609 , 232013
6112 , 6112 , 2638 , 2638 , 233016
6144 , 6144 , 2658 , 2658 , 233472
6176 , 6176 , 2677 , 2677 , 234653
6208 , 6208 , 2702 , 2702 , 236452
6240 , 6240 , 2718 , 2718 , 238031
6272 , 6272 , 2750 , 2750 , 239401
6304 , 6304 , 2776 , 2776 , 240474
6336 , 6336 , 2806 , 2806 , 241718
6368 , 6368 , 2828 , 2828 , 242744
6400 , 6400 , 2850 , 2850 , 243936
6432 , 6432 , 2882 , 2882 , 244958
6464 , 6464 , 2914 , 2914 , 246536
6496 , 6496 , 2916 , 2916 , 248131
6528 , 6528 , 2916 , 2916 , 249708
6560 , 6560 , 2932 , 2932 , 250993
6592 , 6592 , 2959 , 2959 , 252078
6624 , 6624 , 2967 , 2967 , 253010
6656 , 6656 , 2999 , 2999 , 253449
6688 , 6688 , 3000 , 3000 , 253913
6720 , 6720 , 3000 , 3000 , 254374
6752 , 6752 , 3000 , 3000 , 254846
6784 , 6784 , 3000 , 3000 , 255324
6816 , 6816 , 3000 , 3000 , 255808
6848 , 6848 , 3000 , 3000 , 256287
6880 , 6880 , 3000 , 3000 , 256744
6912 , 6912 , 3021 , 3021 , 257583
6944 , 6944 , 3053 , 3053 , 258810
6976 , 6976 , 3071 , 3071 , 259928
7008 , 7008 , 3103 , 3103 , 261548
7040 , 7040 , 3118 , 3118 , 263269
7072 , 7072 , 3133 , 3133 , 264718
7104 , 7104 , 3165 , 3165 , 266396
7136 , 7136 , 3178 , 3178 , 268138
7168 , 7168 , 3195 , 3195 , 269240
7200 , 7200 , 3223 , 3223 , 269808
7232 , 7232 , 3223 , 3223 , 270393
7264 , 7264 , 3227 , 3227 , 271428
7296 , 7296 , 3259 , 3259 , 275337
7328 , 7328 , 3291 , 3291 , 276278
7360 , 7360 , 3323 , 3323 , 277350
7392 , 7392 , 3355 , 3355 , 278930
