0 , 0 , 0 , 0 , 0
24 , 24 , 0 , 0 , 1257
48 , 48 , 0 , 0 , 2538
72 , 72 , 0 , 0 , 3870
96 , 96 , 0 , 0 , 5118
120 , 120 , 0 , 0 , 6344
144 , 153 , 0 , 0 , 7639
168 , 177 , 0 , 0 , 8677
192 , 201 , 0 , 0 , 9243
216 , 225 , 0 , 0 , 9615
240 , 273 , 0 , 0 , 10530
264 , 321 , 0 , 0 , 11459
288 , 369 , 0 , 0 , 12347
312 , 417 , 0 , 0 , 13283
336 , 465 , 0 , 0 , 14154
360 , 489 , 0 , 0 , 14951
384 , 513 , 0 , 0 , 15577
408 , 537 , 0 , 0 , 16304
432 , 561 , 0 , 0 , 17523
456 , 585 , 0 , 0 , 18662
480 , 609 , 0 , 0 , 19784
504 , 633 , 0 , 0 , 21007
528 , 657 , 0 , 0 , 22197
552 , 681 , 0 , 0 , 23219
576 , 705 , 0 , 0 , 24184
600 , 729 , 0 , 0 , 25163
624 , 767 , 0 , 0 , 27803
648 , 799 , 0 , 0 , 29042
672 , 823 , 0 , 0 , 29915
696 , 847 , 0 , 0 , 30939
720 , 871 , 0 , 0 , 31760
744 , 895 , 0 , 0 , 32697
768 , 919 , 0 , 0 , 33847
792 , 943 , 0 , 0 , 34858
816 , 967 , 0 , 0 , 35908
840 , 991 , 0 , 0 , 36904
864 , 1015 , 0 , 0 , 37927
888 , 1039 , 0 , 0 , 38746
912 , 1063 , 0 , 0 , 39585
936 , 1087 , 0 , 0 , 40365
960 , 1135 , 0 , 0 , 42392
984 , 1183 , 0 , 0 , 44481
1008 , 1231 , 0 , 0 , 46537
1032 , 1279 , 0 , 0 , 48298
1056 , 1320 , 0 , 0 , 49569
1080 , 1368 , 0 , 0 , 50900
1104 , 1416 , 0 , 0 , 52232
1128 , 1451 , 4 , 4 , 53231
1152 , 1477 , 11 , 10 , 53894
1176 , 1525 , 11 , 10 , 54895
1200 , 1573 , 11 , 10 , 55900
1224 , 1621 , 11 , 10 , 56934
1248 , 1669 , 11 , 10 , 57931
1272 , 1704 , 17 , 16 , 60051
1296 , 1728 , 17 , 16 , 62903
1320 , 1776 , 30 , 29 , 64260
1344 , 1805 , 38 , 37 , 65049
1368 , 1829 , 38 , 37 , 65764
1392 , 1853 , 38 , 37 , 66475
1416 , 1877 , 38 , 37 , 67187
1440 , 1901 , 38 , 37 , 67932
1464 , 1925 , 38 , 37 , 68658
1488 , 1949 , 38 , 37 , 69346
1512 , 1973 , 38 , 37 , 70089
1536 , 1997 , 38 , 37 , 70850
1560 , 2045 , 38 , 37 , 71716
1584 , 2093 , 38 , 37 , 72580
1608 , 2133 , 46 , 45 , 73405
1632 , 2178 , 60 , 59 , 74847
1656 , 2226 , 60 , 59 , 76299
1680 , 2270 , 76 , 75 , 77475
1704 , 2304 , 101 , 93 , 78114
1728 , 2352 , 103 , 95 , 78614
1752 , 2400 , 103 , 95 , 79115
1776 , 2448 , 103 , 95 , 79622
1800 , 2496 , 103 , 95 , 80124
1824 , 2544 , 110 , 102 , 81364
1848 , 2608 , 140 , 124 , 83584
1872 , 2680 , 140 , 124 , 85677
1896 , 2752 , 140 , 124 , 87861
1920 , 2803 , 161 , 140 , 89478
1944 , 2851 , 173 , 152 , 90678
1968 , 2899 , 173 , 152 , 91895
1992 , 2943 , 192 , 171 , 92982
2016 , 2974 , 223 , 195 , 94060
2040 , 3017 , 253 , 219 , 95534
2064 , 3076 , 280 , 243 , 97167
2088 , 3124 , 296 , 259 , 98005
2112 , 3172 , 296 , 259 , 98860
2136 , 3236 , 328 , 275 , 100376
2160 , 3288 , 347 , 290 , 101700
2184 , 3312 , 371 , 314 , 102434
2208 , 3336 , 372 , 315 , 103258
2232 , 3363 , 375 , 318 , 104003
2256 , 3422 , 400 , 342 , 105174
2280 , 3470 , 409 , 351 , 106787
2304 , 3501 , 426 , 368 , 107359
2328 , 3536 , 446 , 382 , 108441
2352 , 3569 , 472 , 406 , 109627
2376 , 3641 , 504 , 429 , 111371
2400 , 3691 , 533 , 449 , 112237
2424 , 3739 , 533 , 449 , 113096
2448 , 3811 , 533 , 449 , 114119
2472 , 3883 , 533 , 449 , 115159
2496 , 3955 , 533 , 449 , 116237
2520 , 4027 , 533 , 449 , 117253
2544 , 4099 , 533 , 449 , 118332
2568 , 4163 , 541 , 457 , 119800
2592 , 4211 , 567 , 481 , 121277
2616 , 4241 , 586 , 500 , 122236
2640 , 4265 , 591 , 505 , 123073
2664 , 4289 , 591 , 505 , 123918
2688 , 4314 , 593 , 506 , 124754
2712 , 4362 , 625 , 530 , 126387
2736 , 4410 , 632 , 537 , 128146
2760 , 4462 , 640 , 541 , 130106
2784 , 4498 , 675 , 565 , 131161
2808 , 4546 , 704 , 583 , 132541
2832 , 4590 , 733 , 607 , 134542
2856 , 4638 , 743 , 617 , 136788
2880 , 4686 , 743 , 617 , 139001
2904 , 4734 , 743 , 617 , 141224
2928 , 4782 , 754 , 623 , 142969
2952 , 4846 , 789 , 647 , 143849
2976 , 4900 , 831 , 671 , 146594
3000 , 4948 , 874 , 695 , 152267
3024 , 5002 , 911 , 714 , 154974
3048 , 5071 , 948 , 738 , 156869
3072 , 5143 , 1000 , 762 , 159104
3096 , 5223 , 1056 , 786 , 161191
3120 , 5319 , 1109 , 810 , 164336
3144 , 5415 , 1114 , 814 , 167476
3168 , 5509 , 1116 , 815 , 170522
3192 , 5557 , 1164 , 839 , 171949
3216 , 5603 , 1183 , 856 , 173237
3240 , 5639 , 1219 , 880 , 173923
3264 , 5697 , 1270 , 904 , 174634
3288 , 5745 , 1318 , 928 , 175882
3312 , 5781 , 1354 , 952 , 177692
3336 , 5805 , 1378 , 976 , 178911
3360 , 5829 , 1401 , 999 , 180110
3384 , 5860 , 1415 , 1006 , 181612
3408 , 5908 , 1463 , 1030 , 183821
3432 , 5956 , 1485 , 1042 , 186179
3456 , 6004 , 1485 , 1042 , 188439
3480 , 6052 , 1485 , 1042 , 190709
3504 , 6081 , 1504 , 1061 , 191348
3528 , 6105 , 1528 , 1085 , 191683
3552 , 6129 , 1532 , 1089 , 192025
3576 , 6153 , 1532 , 1089 , 192352
3600 , 6177 , 1532 , 1089 , 192689
3624 , 6201 , 1532 , 1089 , 193026
3648 , 6225 , 1532 , 1089 , 193373
3672 , 6249 , 1532 , 1089 , 193701
3696 , 6273 , 1532 , 1089 , 194045
3720 , 6341 , 1600 , 1113 , 195969
3744 , 6408 , 1660 , 1137 , 197667
3768 , 6480 , 1717 , 1161 , 199222
3792 , 6508 , 1743 , 1185 , 200472
3816 , 6540 , 1775 , 1209 , 201774
3840 , 6600 , 1835 , 1233 , 204152
3864 , 6648 , 1883 , 1257 , 205590
3888 , 6702 , 1937 , 1281 , 207405
3912 , 6750 , 1961 , 1299 , 209328
3936 , 6798 , 1961 , 1299 , 211318
3960 , 6846 , 1961 , 1299 , 213292
3984 , 6894 , 1961 , 1299 , 215188
4008 , 6942 , 2001 , 1319 , 216570
4032 , 6982 , 2034 , 1343 , 217518
4056 , 7020 , 2072 , 1367 , 218738
4080 , 7044 , 2096 , 1391 , 219387
4104 , 7068 , 2115 , 1410 , 220290
4128 , 7111 , 2158 , 1434 , 221719
4152 , 7140 , 2187 , 1458 , 222574
4176 , 7164 , 2211 , 1482 , 223311
4200 , 7188 , 2217 , 1488 , 224071
4224 , 7212 , 2235 , 1506 , 224486
4248 , 7236 , 2258 , 1529 , 224802
4272 , 7260 , 2278 , 1549 , 225549
4296 , 7300 , 2318 , 1573 , 227187
4320 , 7328 , 2346 , 1597 , 227981
4344 , 7352 , 2370 , 1621 , 228319
4368 , 7376 , 2373 , 1624 , 228660
4392 , 7400 , 2373 , 1624 , 228993
4416 , 7424 , 2373 , 1624 , 229339
4440 , 7450 , 2377 , 1626 , 229737
4464 , 7498 , 2425 , 1650 , 230783
4488 , 7546 , 2435 , 1657 , 231835
4512 , 7585 , 2444 , 1666 , 232733
4536 , 7610 , 2469 , 1690 , 233502
4560 , 7658 , 2517 , 1714 , 234790
4584 , 7706 , 2529 , 1721 , 236095
4608 , 7740 , 2543 , 1735 , 236883
4632 , 7764 , 2567 , 1759 , 237654
4656 , 7788 , 2583 , 1775 , 238530
4680 , 7812 , 2606 , 1798 , 239489
4704 , 7836 , 2618 , 1810 , 240497
4728 , 7871 , 2640 , 1821 , 241737
4752 , 7897 , 2666 , 1845 , 243114
4776 , 7921 , 2681 , 1860 , 244523
4800 , 7945 , 2681 , 1860 , 245858
4824 , 7969 , 2682 , 1861 , 247163
4848 , 7993 , 2706 , 1885 , 248010
4872 , 8017 , 2730 , 1909 , 248842
4896 , 8041 , 2744 , 1923 , 249621
4920 , 8065 , 2744 , 1923 , 250473
4944 , 8089 , 2744 , 1923 , 251272
4968 , 8113 , 2754 , 1933 , 252165
4992 , 8137 , 2778 , 1957 , 253336
5016 , 8161 , 2793 , 1972 , 254523
5040 , 8185 , 2793 , 1972 , 255753
5064 , 8209 , 2793 , 1972 , 256940
5088 , 8233 , 2806 , 1985 , 258424
5112 , 8257 , 2830 , 2009 , 262935
