0 , 0 , 0 , 0 , 0
24 , 24 , 0 , 0 , 1147
48 , 48 , 0 , 0 , 1962
72 , 72 , 0 , 0 , 2804
96 , 96 , 0 , 0 , 3620
120 , 120 , 0 , 0 , 4538
144 , 144 , 0 , 0 , 5147
168 , 168 , 0 , 0 , 6646
192 , 192 , 0 , 0 , 8194
216 , 216 , 0 , 0 , 9723
240 , 240 , 0 , 0 , 11236
264 , 264 , 0 , 0 , 12430
288 , 293 , 0 , 0 , 13275
312 , 321 , 0 , 0 , 14476
336 , 345 , 0 , 0 , 17392
360 , 369 , 0 , 0 , 19549
384 , 393 , 0 , 0 , 20105
408 , 417 , 0 , 0 , 21077
432 , 441 , 0 , 0 , 22172
456 , 465 , 0 , 0 , 23382
480 , 489 , 0 , 0 , 24388
504 , 513 , 0 , 0 , 25258
528 , 537 , 0 , 0 , 26282
552 , 561 , 0 , 0 , 27332
576 , 585 , 0 , 0 , 28345
600 , 609 , 0 , 0 , 29106
624 , 633 , 0 , 0 , 29847
648 , 657 , 0 , 0 , 30536
672 , 681 , 0 , 0 , 31363
696 , 705 , 0 , 0 , 32085
720 , 729 , 0 , 0 , 32649
744 , 759 , 0 , 0 , 33404
768 , 807 , 0 , 0 , 35605
792 , 855 , 0 , 0 , 38229
816 , 903 , 0 , 0 , 40723
840 , 951 , 0 , 0 , 43269
864 , 999 , 0 , 0 , 45107
888 , 1047 , 0 , 0 , 45619
912 , 1095 , 0 , 0 , 46136
936 , 1143 , 0 , 0 , 46650
960 , 1191 , 0 , 0 , 47155
984 , 1235 , 0 , 0 , 47775
1008 , 1259 , 0 , 0 , 50733
1032 , 1287 , 2 , 2 , 53517
1056 , 1335 , 3 , 3 , 54823
1080 , 1383 , 3 , 3 , 56220
1104 , 1431 , 3 , 3 , 57673
1128 , 1468 , 11 , 10 , 58606
1152 , 1516 , 11 , 10 , 59611
1176 , 1564 , 11 , 10 , 60626
1200 , 1612 , 11 , 10 , 61697
1224 , 1660 , 11 , 10 , 62706
1248 , 1728 , 23 , 18 , 64167
1272 , 1800 , 23 , 18 , 65774
1296 , 1830 , 28 , 23 , 66780
1320 , 1854 , 28 , 23 , 67694
1344 , 1886 , 40 , 27 , 69037
1368 , 1935 , 63 , 43 , 69972
1392 , 1965 , 82 , 62 , 71129
1416 , 1997 , 98 , 78 , 72133
1440 , 2039 , 108 , 88 , 73123
1464 , 2087 , 120 , 95 , 74714
1488 , 2115 , 133 , 108 , 75555
1512 , 2150 , 145 , 120 , 76635
1536 , 2198 , 145 , 120 , 78111
1560 , 2233 , 156 , 131 , 79208
1584 , 2257 , 165 , 140 , 80471
1608 , 2281 , 165 , 140 , 81766
1632 , 2305 , 165 , 140 , 83096
1656 , 2329 , 165 , 140 , 84353
1680 , 2353 , 169 , 144 , 85519
1704 , 2391 , 193 , 168 , 86404
1728 , 2439 , 211 , 186 , 88079
1752 , 2487 , 217 , 192 , 89758
1776 , 2535 , 217 , 192 , 91452
1800 , 2583 , 223 , 195 , 93096
1824 , 2631 , 254 , 219 , 94728
1848 , 2679 , 254 , 219 , 96286
1872 , 2727 , 254 , 219 , 97851
1896 , 2775 , 254 , 219 , 99358
1920 , 2823 , 282 , 242 , 100456
1944 , 2871 , 289 , 249 , 101359
1968 , 2919 , 289 , 249 , 102269
1992 , 2967 , 289 , 249 , 103142
2016 , 3015 , 289 , 249 , 104040
2040 , 3063 , 289 , 249 , 104946
2064 , 3111 , 289 , 249 , 105864
2088 , 3137 , 313 , 272 , 106554
2112 , 3203 , 351 , 296 , 108693
2136 , 3275 , 357 , 302 , 111173
2160 , 3339 , 367 , 308 , 113360
2184 , 3393 , 420 , 332 , 115023
2208 , 3441 , 444 , 356 , 116014
2232 , 3489 , 445 , 357 , 117058
2256 , 3537 , 484 , 380 , 118424
2280 , 3571 , 505 , 398 , 119197
2304 , 3619 , 533 , 421 , 120354
2328 , 3652 , 566 , 445 , 121419
2352 , 3724 , 594 , 469 , 123174
2376 , 3752 , 618 , 493 , 124108
2400 , 3780 , 626 , 497 , 125117
2424 , 3852 , 655 , 518 , 127991
2448 , 3924 , 655 , 518 , 130906
2472 , 3996 , 655 , 518 , 133735
2496 , 4068 , 655 , 518 , 136573
2520 , 4123 , 672 , 535 , 138403
2544 , 4171 , 689 , 552 , 139920
2568 , 4219 , 689 , 552 , 141364
2592 , 4255 , 713 , 570 , 142652
2616 , 4295 , 749 , 594 , 143920
2640 , 4367 , 792 , 618 , 145828
2664 , 4416 , 831 , 642 , 147659
2688 , 4464 , 840 , 651 , 149530
2712 , 4512 , 860 , 661 , 151120
2736 , 4560 , 886 , 685 , 152125
2760 , 4608 , 891 , 690 , 153179
2784 , 4656 , 905 , 699 , 154509
2808 , 4704 , 929 , 723 , 156361
2832 , 4763 , 953 , 747 , 159431
2856 , 4787 , 977 , 771 , 160213
2880 , 4811 , 995 , 789 , 161030
2904 , 4837 , 998 , 790 , 161885
2928 , 4890 , 1051 , 814 , 163905
2952 , 4938 , 1083 , 832 , 166269
2976 , 4986 , 1083 , 832 , 168534
3000 , 5034 , 1083 , 832 , 170839
3024 , 5063 , 1102 , 851 , 171646
3048 , 5094 , 1133 , 875 , 172584
3072 , 5131 , 1166 , 899 , 173887
3096 , 5179 , 1210 , 923 , 175402
3120 , 5236 , 1258 , 947 , 177241
3144 , 5284 , 1305 , 971 , 179202
3168 , 5332 , 1351 , 995 , 180129
3192 , 5380 , 1369 , 1008 , 180990
3216 , 5417 , 1380 , 1019 , 181755
3240 , 5442 , 1405 , 1043 , 182899
3264 , 5484 , 1437 , 1067 , 184482
3288 , 5516 , 1469 , 1091 , 185633
3312 , 5540 , 1491 , 1113 , 185953
3336 , 5564 , 1491 , 1113 , 186270
3360 , 5588 , 1491 , 1113 , 186603
3384 , 5612 , 1491 , 1113 , 186929
3408 , 5652 , 1515 , 1121 , 189002
3432 , 5700 , 1556 , 1145 , 191341
3456 , 5736 , 1587 , 1169 , 192460
3480 , 5784 , 1621 , 1193 , 193778
3504 , 5832 , 1664 , 1215 , 195022
3528 , 5880 , 1664 , 1215 , 196292
3552 , 5906 , 1688 , 1238 , 197081
3576 , 5954 , 1722 , 1262 , 201603
3600 , 5996 , 1759 , 1286 , 203529
3624 , 6044 , 1797 , 1310 , 205440
3648 , 6092 , 1808 , 1321 , 207345
3672 , 6140 , 1808 , 1321 , 209351
3696 , 6188 , 1808 , 1321 , 211273
3720 , 6234 , 1810 , 1323 , 213094
3744 , 6279 , 1855 , 1347 , 213961
3768 , 6327 , 1889 , 1366 , 214811
3792 , 6375 , 1889 , 1366 , 215691
3816 , 6423 , 1889 , 1366 , 216539
3840 , 6471 , 1889 , 1366 , 217410
3864 , 6519 , 1889 , 1366 , 218286
3888 , 6567 , 1889 , 1366 , 219215
3912 , 6615 , 1889 , 1366 , 220064
3936 , 6663 , 1889 , 1366 , 220957
3960 , 6711 , 1889 , 1366 , 221828
3984 , 6759 , 1889 , 1366 , 222718
4008 , 6807 , 1909 , 1376 , 223809
4032 , 6855 , 1957 , 1400 , 225220
4056 , 6901 , 2003 , 1424 , 226443
4080 , 6925 , 2027 , 1448 , 227243
4104 , 6966 , 2068 , 1472 , 227954
4128 , 7010 , 2112 , 1496 , 228679
4152 , 7058 , 2138 , 1510 , 229219
4176 , 7106 , 2138 , 1510 , 229763
4200 , 7154 , 2138 , 1510 , 230296
4224 , 7202 , 2138 , 1510 , 230835
4248 , 7250 , 2138 , 1510 , 231361
4272 , 7298 , 2138 , 1510 , 231899
4296 , 7345 , 2139 , 1511 , 232419
