0 , 0 , 0 , 0 , 0
24 , 24 , 0 , 0 , 1279
48 , 48 , 0 , 0 , 2551
72 , 72 , 0 , 0 , 3879
96 , 96 , 0 , 0 , 5155
120 , 120 , 0 , 0 , 6385
144 , 153 , 0 , 0 , 7678
168 , 177 , 0 , 0 , 8728
192 , 201 , 0 , 0 , 9311
216 , 225 , 0 , 0 , 9678
240 , 249 , 0 , 0 , 10035
264 , 297 , 0 , 0 , 10958
288 , 345 , 0 , 0 , 11850
312 , 393 , 0 , 0 , 12778
336 , 441 , 0 , 0 , 13707
360 , 465 , 0 , 0 , 14496
384 , 489 , 0 , 0 , 15109
408 , 513 , 0 , 0 , 15827
432 , 537 , 0 , 0 , 17058
456 , 561 , 0 , 0 , 18225
480 , 585 , 0 , 0 , 19357
504 , 609 , 0 , 0 , 20555
528 , 633 , 0 , 0 , 21747
552 , 657 , 0 , 0 , 22801
576 , 681 , 0 , 0 , 23701
600 , 705 , 0 , 0 , 24681
624 , 743 , 0 , 0 , 27307
648 , 775 , 0 , 0 , 28522
672 , 799 , 0 , 0 , 29280
696 , 823 , 0 , 0 , 30148
720 , 847 , 0 , 0 , 31194
744 , 871 , 0 , 0 , 32033
768 , 895 , 0 , 0 , 32962
792 , 919 , 0 , 0 , 34116
816 , 943 , 0 , 0 , 35144
840 , 967 , 0 , 0 , 36194
864 , 991 , 0 , 0 , 37225
888 , 1015 , 0 , 0 , 38248
912 , 1039 , 0 , 0 , 39043
936 , 1063 , 0 , 0 , 39825
960 , 1088 , 0 , 0 , 40695
984 , 1136 , 0 , 0 , 42750
1008 , 1184 , 0 , 0 , 44881
1032 , 1232 , 0 , 0 , 46930
1056 , 1280 , 0 , 0 , 48724
1080 , 1321 , 0 , 0 , 49960
1104 , 1369 , 0 , 0 , 51351
1128 , 1417 , 0 , 0 , 52667
1152 , 1452 , 6 , 6 , 53657
1176 , 1478 , 15 , 13 , 54307
1200 , 1526 , 16 , 14 , 55315
1224 , 1574 , 16 , 14 , 56321
1248 , 1622 , 16 , 14 , 57346
1272 , 1670 , 16 , 14 , 58369
1296 , 1705 , 23 , 21 , 60473
1320 , 1729 , 23 , 21 , 63329
1344 , 1777 , 37 , 35 , 64666
1368 , 1806 , 45 , 43 , 65441
1392 , 1830 , 45 , 43 , 66175
1416 , 1854 , 45 , 43 , 66935
1440 , 1878 , 45 , 43 , 67658
1464 , 1902 , 45 , 43 , 68386
1488 , 1926 , 45 , 43 , 69144
1512 , 1950 , 45 , 43 , 69881
1536 , 1998 , 45 , 43 , 70709
1560 , 2046 , 45 , 43 , 71593
1584 , 2094 , 45 , 43 , 72429
1608 , 2142 , 45 , 43 , 73292
1632 , 2182 , 53 , 51 , 74133
1656 , 2227 , 68 , 66 , 75554
1680 , 2275 , 68 , 66 , 76991
1704 , 2319 , 84 , 82 , 78214
1728 , 2353 , 111 , 101 , 78836
1752 , 2401 , 114 , 104 , 79337
1776 , 2449 , 114 , 104 , 79832
1800 , 2497 , 114 , 104 , 80326
1824 , 2545 , 114 , 104 , 80815
1848 , 2593 , 121 , 111 , 82115
1872 , 2657 , 151 , 133 , 84373
1896 , 2729 , 151 , 133 , 86496
1920 , 2801 , 151 , 133 , 88648
1944 , 2852 , 172 , 149 , 90236
1968 , 2900 , 185 , 162 , 91446
1992 , 2948 , 185 , 162 , 92637
2016 , 2992 , 204 , 181 , 93653
2040 , 3023 , 235 , 205 , 94736
2064 , 3066 , 265 , 229 , 96175
2088 , 3125 , 293 , 253 , 97808
2112 , 3173 , 310 , 270 , 98656
2136 , 3221 , 310 , 270 , 99512
2160 , 3285 , 342 , 286 , 101120
2184 , 3337 , 362 , 301 , 102440
2208 , 3361 , 386 , 325 , 103158
2232 , 3385 , 387 , 326 , 103998
2256 , 3415 , 390 , 329 , 104778
2280 , 3474 , 416 , 353 , 105974
2304 , 3522 , 426 , 363 , 107608
2328 , 3553 , 443 , 380 , 108203
2352 , 3588 , 464 , 395 , 109304
2376 , 3622 , 490 , 419 , 110488
2400 , 3694 , 521 , 442 , 112233
2424 , 3766 , 552 , 463 , 113338
2448 , 3838 , 552 , 463 , 114394
2472 , 3910 , 552 , 463 , 115441
2496 , 3982 , 552 , 463 , 116521
2520 , 4054 , 552 , 463 , 117587
2544 , 4126 , 552 , 463 , 118665
2568 , 4198 , 552 , 463 , 119674
2592 , 4261 , 562 , 472 , 121135
2616 , 4309 , 588 , 496 , 122622
2640 , 4338 , 608 , 516 , 123546
2664 , 4362 , 613 , 521 , 124412
2688 , 4386 , 613 , 521 , 125272
2712 , 4411 , 615 , 522 , 126116
2736 , 4459 , 647 , 546 , 127776
2760 , 4507 , 655 , 554 , 129542
2784 , 4559 , 664 , 558 , 131583
2808 , 4595 , 699 , 582 , 132675
2832 , 4643 , 730 , 601 , 134064
2856 , 4687 , 759 , 625 , 136114
2880 , 4735 , 770 , 636 , 138365
2904 , 4783 , 770 , 636 , 140614
2928 , 4831 , 770 , 636 , 142848
2952 , 4879 , 782 , 642 , 144603
2976 , 4943 , 819 , 666 , 145502
3000 , 4997 , 861 , 690 , 148253
3024 , 5045 , 905 , 714 , 153837
3048 , 5108 , 945 , 734 , 156621
3072 , 5177 , 985 , 758 , 158532
3096 , 5249 , 1038 , 782 , 160720
3120 , 5329 , 1094 , 806 , 162764
3144 , 5425 , 1149 , 830 , 165925
3168 , 5521 , 1155 , 834 , 169070
3192 , 5615 , 1157 , 835 , 172057
3216 , 5663 , 1205 , 859 , 173466
3240 , 5709 , 1225 , 876 , 174718
3264 , 5745 , 1261 , 900 , 175406
3288 , 5803 , 1313 , 924 , 176106
3312 , 5851 , 1361 , 948 , 177370
3336 , 5887 , 1397 , 972 , 179157
3360 , 5911 , 1421 , 996 , 180401
3384 , 5935 , 1445 , 1020 , 181574
3408 , 5966 , 1459 , 1027 , 183111
3432 , 6014 , 1507 , 1051 , 185370
3456 , 6062 , 1531 , 1064 , 187688
3480 , 6110 , 1531 , 1064 , 189925
3504 , 6158 , 1531 , 1064 , 192174
3528 , 6187 , 1550 , 1083 , 192808
3552 , 6211 , 1574 , 1107 , 193145
3576 , 6235 , 1579 , 1112 , 193500
3600 , 6259 , 1579 , 1112 , 193848
3624 , 6283 , 1579 , 1112 , 194185
3648 , 6307 , 1579 , 1112 , 194517
3672 , 6331 , 1579 , 1112 , 194866
3696 , 6399 , 1647 , 1136 , 196768
3720 , 6466 , 1708 , 1160 , 198452
3744 , 6538 , 1765 , 1184 , 199943
3768 , 6566 , 1791 , 1208 , 201191
3792 , 6598 , 1823 , 1232 , 202461
3816 , 6658 , 1883 , 1256 , 204886
3840 , 6706 , 1931 , 1280 , 206351
3864 , 6760 , 1985 , 1304 , 208196
3888 , 6808 , 2010 , 1323 , 210113
3912 , 6856 , 2010 , 1323 , 212076
3936 , 6904 , 2010 , 1323 , 214009
3960 , 6952 , 2010 , 1323 , 215919
3984 , 7000 , 2050 , 1343 , 217288
4008 , 7040 , 2083 , 1367 , 218273
4032 , 7078 , 2121 , 1391 , 219447
4056 , 7102 , 2145 , 1415 , 220096
4080 , 7126 , 2164 , 1434 , 221064
4104 , 7172 , 2210 , 1458 , 222499
4128 , 7198 , 2236 , 1482 , 223246
4152 , 7222 , 2260 , 1506 , 223996
4176 , 7246 , 2263 , 1509 , 224753
4200 , 7270 , 2284 , 1530 , 225546
4224 , 7311 , 2325 , 1554 , 227229
4248 , 7338 , 2352 , 1578 , 227973
4272 , 7362 , 2376 , 1602 , 228311
4296 , 7386 , 2378 , 1604 , 228662
4320 , 7410 , 2378 , 1604 , 229006
4344 , 7434 , 2378 , 1604 , 229347
4368 , 7461 , 2384 , 1607 , 229776
4392 , 7509 , 2432 , 1631 , 230817
4416 , 7557 , 2440 , 1637 , 231868
4440 , 7595 , 2450 , 1647 , 232695
4464 , 7621 , 2476 , 1671 , 233483
4488 , 7669 , 2524 , 1695 , 234751
4512 , 7717 , 2534 , 1701 , 236037
4536 , 7750 , 2549 , 1716 , 236815
4560 , 7774 , 2573 , 1740 , 237596
4584 , 7798 , 2587 , 1754 , 238422
4608 , 7822 , 2611 , 1778 , 239456
4632 , 7846 , 2622 , 1789 , 240434
4656 , 7882 , 2646 , 1801 , 241696
4680 , 7907 , 2671 , 1825 , 243064
4704 , 7931 , 2685 , 1839 , 244425
4728 , 7955 , 2685 , 1839 , 245782
4752 , 7979 , 2687 , 1841 , 247061
4776 , 8003 , 2711 , 1865 , 247905
4800 , 8027 , 2735 , 1889 , 248722
4824 , 8051 , 2747 , 1901 , 249547
4848 , 8075 , 2747 , 1901 , 250382
4872 , 8099 , 2747 , 1901 , 251210
4896 , 8123 , 2758 , 1912 , 252121
4920 , 8147 , 2782 , 1936 , 253296
4944 , 8171 , 2795 , 1949 , 254480
4968 , 8195 , 2795 , 1949 , 255695
4992 , 8219 , 2795 , 1949 , 256881
5016 , 8243 , 2809 , 1963 , 259904
5040 , 8267 , 2833 , 1987 , 263989
