32 , 32 , 0 , 0 , 1457
64 , 64 , 0 , 0 , 3190
96 , 96 , 0 , 0 , 4880
128 , 128 , 0 , 0 , 6514
160 , 160 , 0 , 0 , 7552
192 , 192 , 0 , 0 , 10313
224 , 224 , 3 , 3 , 13761
256 , 256 , 6 , 6 , 14654
288 , 288 , 8 , 8 , 15828
320 , 320 , 8 , 8 , 17428
352 , 352 , 8 , 8 , 19010
384 , 384 , 8 , 8 , 20561
416 , 416 , 19 , 19 , 21618
448 , 448 , 19 , 19 , 22281
480 , 480 , 23 , 23 , 23000
512 , 512 , 28 , 28 , 24064
544 , 544 , 35 , 35 , 24990
576 , 576 , 35 , 35 , 25723
608 , 608 , 40 , 40 , 26912
640 , 640 , 40 , 40 , 28033
672 , 672 , 40 , 40 , 29020
672 , 672 , 40 , 40 , 29020
704 , 704 , 43 , 43 , 30125
736 , 744 , 58 , 54 , 31654
768 , 776 , 70 , 66 , 32785
800 , 808 , 75 , 71 , 34223
832 , 840 , 75 , 71 , 35945
864 , 872 , 75 , 71 , 37701
896 , 904 , 77 , 73 , 39336
928 , 968 , 77 , 73 , 41108
960 , 1032 , 77 , 73 , 42874
992 , 1085 , 83 , 79 , 44390
1024 , 1117 , 86 , 82 , 45170
1056 , 1149 , 86 , 82 , 45703
1088 , 1181 , 86 , 82 , 46246
1120 , 1213 , 90 , 86 , 46777
1152 , 1245 , 104 , 100 , 47781
1184 , 1277 , 111 , 107 , 49422
1216 , 1309 , 111 , 107 , 51258
1248 , 1341 , 111 , 107 , 53077
1280 , 1373 , 120 , 116 , 54407
1312 , 1405 , 120 , 116 , 55762
1344 , 1437 , 120 , 116 , 57098
1376 , 1469 , 134 , 130 , 57956
1408 , 1501 , 134 , 130 , 58530
1440 , 1533 , 150 , 146 , 59443
1472 , 1592 , 163 , 159 , 61682
1504 , 1632 , 186 , 182 , 63208
1536 , 1688 , 204 , 193 , 65357
1568 , 1752 , 204 , 193 , 67890
1600 , 1807 , 213 , 202 , 70051
1632 , 1849 , 251 , 230 , 71650
1664 , 1881 , 261 , 240 , 72883
1696 , 1942 , 280 , 257 , 74353
1728 , 2006 , 280 , 257 , 75922
1760 , 2070 , 280 , 257 , 77458
1792 , 2134 , 280 , 257 , 78961
1824 , 2197 , 281 , 258 , 80503
1856 , 2229 , 313 , 290 , 81709
1888 , 2261 , 332 , 309 , 82573
1920 , 2308 , 364 , 341 , 83843
1952 , 2340 , 389 , 366 , 84409
1984 , 2372 , 389 , 366 , 84861
2016 , 2404 , 413 , 390 , 86284
2048 , 2436 , 445 , 422 , 87469
2080 , 2468 , 477 , 454 , 88707
2112 , 2500 , 480 , 457 , 90353
2144 , 2532 , 480 , 457 , 91998
2176 , 2564 , 499 , 476 , 93544
2208 , 2596 , 505 , 482 , 94935
2240 , 2628 , 519 , 496 , 96082
2272 , 2660 , 551 , 528 , 97054
2304 , 2692 , 557 , 534 , 98037
2336 , 2724 , 557 , 534 , 99023
2368 , 2756 , 557 , 534 , 99979
2400 , 2788 , 557 , 534 , 100979
2432 , 2820 , 557 , 534 , 101947
2464 , 2852 , 574 , 551 , 102863
2496 , 2884 , 604 , 581 , 103933
2528 , 2916 , 631 , 608 , 105425
2560 , 2948 , 651 , 628 , 106994
2592 , 2987 , 690 , 660 , 108230
2624 , 3019 , 716 , 686 , 113960
2656 , 3055 , 741 , 711 , 116461
2688 , 3087 , 741 , 711 , 118132
2720 , 3119 , 760 , 730 , 119138
2752 , 3151 , 764 , 734 , 120158
2784 , 3207 , 797 , 763 , 121709
2816 , 3259 , 809 , 775 , 123120
2848 , 3291 , 817 , 783 , 124213
2880 , 3323 , 821 , 787 , 125368
2912 , 3355 , 853 , 819 , 126491
2944 , 3387 , 878 , 844 , 127712
2976 , 3419 , 898 , 864 , 129234
3008 , 3460 , 930 , 887 , 130765
3040 , 3501 , 971 , 919 , 132154
3072 , 3559 , 1004 , 945 , 134041
3104 , 3591 , 1036 , 977 , 135203
3136 , 3623 , 1052 , 993 , 137215
3168 , 3655 , 1052 , 993 , 139276
3200 , 3687 , 1052 , 993 , 141292
3232 , 3719 , 1081 , 1022 , 142841
3264 , 3751 , 1081 , 1022 , 144423
3296 , 3783 , 1111 , 1052 , 145806
3328 , 3815 , 1143 , 1084 , 146603
3360 , 3847 , 1156 , 1097 , 147619
3392 , 3879 , 1183 , 1124 , 148237
3424 , 3911 , 1183 , 1124 , 148852
3456 , 3955 , 1213 , 1154 , 150510
3488 , 4019 , 1232 , 1173 , 153175
3520 , 4080 , 1248 , 1189 , 155464
3552 , 4112 , 1280 , 1221 , 156534
3584 , 4144 , 1282 , 1223 , 157641
3616 , 4176 , 1311 , 1252 , 158899
3648 , 4208 , 1340 , 1281 , 159453
3680 , 4240 , 1340 , 1281 , 160009
3712 , 4272 , 1340 , 1281 , 160554
3744 , 4304 , 1340 , 1281 , 161102
3776 , 4336 , 1344 , 1285 , 161773
3808 , 4368 , 1376 , 1317 , 163011
3840 , 4400 , 1408 , 1349 , 164621
3872 , 4432 , 1440 , 1381 , 165971
3904 , 4481 , 1489 , 1413 , 168270
3936 , 4513 , 1521 , 1445 , 169351
3968 , 4545 , 1529 , 1453 , 170376
4000 , 4577 , 1561 , 1485 , 171490
4032 , 4609 , 1593 , 1517 , 172648
4064 , 4641 , 1617 , 1541 , 173440
4096 , 4673 , 1649 , 1573 , 174607
4128 , 4705 , 1668 , 1592 , 175853
4160 , 4737 , 1680 , 1604 , 177150
4192 , 4769 , 1712 , 1636 , 178494
4224 , 4809 , 1748 , 1668 , 179994
4256 , 4841 , 1779 , 1699 , 180425
4288 , 4873 , 1779 , 1699 , 180827
4320 , 4905 , 1779 , 1699 , 181229
4352 , 4937 , 1783 , 1703 , 181774
4384 , 4969 , 1815 , 1735 , 183062
4416 , 5001 , 1846 , 1766 , 187366
4448 , 5033 , 1874 , 1794 , 188935
4480 , 5065 , 1885 , 1805 , 190061
4512 , 5097 , 1905 , 1825 , 191160
4544 , 5129 , 1933 , 1853 , 192142
4576 , 5161 , 1954 , 1874 , 193028
4608 , 5193 , 1981 , 1901 , 194499
4640 , 5225 , 1986 , 1906 , 196082
4672 , 5257 , 1986 , 1906 , 197682
4704 , 5289 , 2004 , 1924 , 199500
4736 , 5321 , 2036 , 1956 , 200168
4768 , 5353 , 2047 , 1967 , 200741
4800 , 5385 , 2047 , 1967 , 201328
4832 , 5417 , 2058 , 1978 , 202195
4864 , 5449 , 2090 , 2010 , 203683
4896 , 5486 , 2127 , 2042 , 204942
4928 , 5518 , 2159 , 2074 , 206073
4960 , 5553 , 2183 , 2095 , 207275
4992 , 5617 , 2226 , 2127 , 209660
5024 , 5675 , 2232 , 2133 , 211894
5056 , 5714 , 2271 , 2165 , 214247
5088 , 5746 , 2303 , 2197 , 216428
5120 , 5778 , 2335 , 2229 , 217651
5152 , 5810 , 2365 , 2259 , 218625
5184 , 5842 , 2365 , 2259 , 219647
5216 , 5874 , 2365 , 2259 , 220630
5248 , 5906 , 2365 , 2259 , 221606
5280 , 5938 , 2365 , 2259 , 222573
5312 , 5970 , 2383 , 2277 , 223835
5344 , 6002 , 2407 , 2301 , 225410
5376 , 6034 , 2407 , 2301 , 227021
5408 , 6066 , 2407 , 2301 , 228586
5440 , 6104 , 2441 , 2329 , 232170
5472 , 6136 , 2473 , 2361 , 236050
5504 , 6168 , 2505 , 2393 , 237456
5536 , 6200 , 2537 , 2425 , 238684
5568 , 6232 , 2569 , 2457 , 240023
5600 , 6264 , 2574 , 2462 , 241430
5632 , 6296 , 2606 , 2494 , 242255
5664 , 6328 , 2623 , 2511 , 243024
5696 , 6360 , 2623 , 2511 , 243760
5728 , 6392 , 2625 , 2513 , 244499
5760 , 6424 , 2657 , 2545 , 245740
5792 , 6456 , 2689 , 2577 , 247507
5824 , 6488 , 2705 , 2593 , 249322
5856 , 6520 , 2707 , 2595 , 251047
5888 , 6552 , 2739 , 2627 , 252396
5920 , 6584 , 2763 , 2651 , 253753
5952 , 6616 , 2763 , 2651 , 255089
5984 , 6648 , 2779 , 2667 , 256103
6016 , 6680 , 2811 , 2699 , 256545
6048 , 6712 , 2824 , 2712 , 257010
6080 , 6744 , 2824 , 2712 , 257453
6112 , 6776 , 2824 , 2712 , 257897
6144 , 6808 , 2824 , 2712 , 258345
6176 , 6840 , 2843 , 2731 , 259078
6208 , 6872 , 2875 , 2763 , 260110
6240 , 6904 , 2907 , 2795 , 260751
6272 , 6936 , 2928 , 2816 , 261369
6304 , 6968 , 2960 , 2848 , 262675
6336 , 7000 , 2992 , 2880 , 264103
6368 , 7032 , 3024 , 2912 , 265362
6400 , 7064 , 3056 , 2944 , 266619
6432 , 7096 , 3088 , 2976 , 267893
6464 , 7128 , 3109 , 2997 , 268705
6496 , 7160 , 3141 , 3029 , 269797
6528 , 7192 , 3173 , 3061 , 271483
6560 , 7224 , 3191 , 3079 , 273184
6592 , 7256 , 3210 , 3098 , 274529
6624 , 7288 , 3242 , 3130 , 276100
6656 , 7320 , 3272 , 3160 , 278002
6688 , 7352 , 3272 , 3160 , 279866
6720 , 7384 , 3282 , 3170 , 281427
6752 , 7416 , 3314 , 3202 , 282269
6784 , 7448 , 3346 , 3234 , 283655
6816 , 7480 , 3358 , 3246 , 285023
6848 , 7512 , 3358 , 3246 , 286326
6880 , 7544 , 3375 , 3263 , 287298
6912 , 7576 , 3407 , 3295 , 288637
6944 , 7608 , 3439 , 3327 , 289145
6976 , 7640 , 3466 , 3354 , 289564
7008 , 7672 , 3466 , 3354 , 289981
7040 , 7704 , 3466 , 3354 , 290402
7072 , 7736 , 3466 , 3354 , 290821
7104 , 7768 , 3466 , 3354 , 291253
7136 , 7800 , 3466 , 3354 , 291677
7168 , 7832 , 3466 , 3354 , 292093
