0 , 0 , 0 , 0 , 0
5886 , 5886 , 2882 , 2882 , 239324
8857 , 8857 , 5064 , 5064 , 347612
8857 , 8857 , 5064 , 5064 , 347612
, 192 , 0 , 0 , 10349
224 , 224 , 3 , 3 , 13815
256 , 256 , 5 , 5 , 14673
288 , 288 , 7 , 7 , 15844
320 , 320 , 7 , 7 , 17424
352 , 352 , 7 , 7 , 19070
384 , 384 , 7 , 7 , 20601
416 , 416 , 18 , 18 , 21639
448 , 448 , 18 , 18 , 22288
480 , 480 , 22 , 22 , 22990
512 , 512 , 27 , 27 , 24079
544 , 544 , 34 , 34 , 25000
576 , 576 , 34 , 34 , 25735
608 , 608 , 39 , 39 , 26926
640 , 640 , 39 , 39 , 28017
672 , 672 , 39 , 39 , 28975
704 , 704 , 42 , 42 , 30090
736 , 736 , 51 , 51 , 31484
768 , 768 , 65 , 65 , 32676
800 , 800 , 72 , 72 , 33939
832 , 832 , 72 , 72 , 35648
864 , 864 , 72 , 72 , 37371
896 , 896 , 72 , 72 , 39117
928 , 928 , 74 , 74 , 40246
960 , 960 , 74 , 74 , 41334
992 , 992 , 77 , 77 , 42416
1024 , 1024 , 81 , 81 , 43331
1056 , 1056 , 81 , 81 , 43855
1088 , 1088 , 81 , 81 , 44389
1120 , 1120 , 81 , 81 , 44918
1152 , 1152 , 90 , 90 , 45716
1184 , 1184 , 102 , 102 , 47266
1216 , 1216 , 102 , 102 , 49148
1248 , 1248 , 102 , 102 , 50951
1280 , 1280 , 111 , 111 , 52410
1312 , 1312 , 111 , 111 , 53769
1344 , 1344 , 111 , 111 , 55069
1376 , 1376 , 120 , 120 , 56314
1408 , 1408 , 120 , 120 , 57445
1440 , 1440 , 123 , 123 , 58535
1472 , 1472 , 134 , 134 , 59108
1504 , 1504 , 136 , 136 , 59745
1536 , 1536 , 161 , 161 , 60994
1568 , 1568 , 171 , 171 , 62657
1600 , 1600 , 195 , 195 , 63874
1632 , 1632 , 197 , 197 , 65541
1664 , 1664 , 197 , 197 , 67285
1696 , 1696 , 222 , 222 , 68794
1728 , 1728 , 234 , 234 , 69905
1760 , 1760 , 260 , 260 , 71388
1792 , 1792 , 272 , 272 , 72782
1824 , 1824 , 275 , 275 , 73793
1856 , 1856 , 275 , 275 , 74779
1888 , 1888 , 275 , 275 , 75787
1920 , 1920 , 275 , 275 , 76820
1952 , 1952 , 289 , 289 , 78088
1984 , 1984 , 321 , 321 , 79438
2016 , 2016 , 339 , 339 , 80380
2048 , 2048 , 371 , 371 , 81407
2080 , 2080 , 402 , 402 , 82620
2112 , 2112 , 421 , 421 , 83082
2144 , 2144 , 426 , 426 , 83656
2176 , 2176 , 437 , 437 , 84826
2208 , 2208 , 437 , 437 , 86011
2240 , 2240 , 448 , 448 , 87387
2272 , 2272 , 455 , 455 , 89077
2304 , 2304 , 455 , 455 , 90795
2336 , 2336 , 478 , 478 , 92255
2368 , 2368 , 510 , 510 , 93721
2400 , 2400 , 518 , 518 , 95403
2432 , 2432 , 518 , 518 , 97097
2464 , 2464 , 550 , 550 , 98100
2496 , 2496 , 582 , 582 , 99685
2528 , 2528 , 582 , 582 , 101364
2560 , 2560 , 582 , 582 , 102958
2592 , 2592 , 608 , 608 , 104527
2624 , 2624 , 621 , 621 , 105970
2656 , 2656 , 641 , 641 , 107111
2688 , 2688 , 673 , 673 , 108740
2720 , 2720 , 673 , 673 , 110459
2752 , 2752 , 682 , 682 , 111845
2784 , 2784 , 714 , 714 , 113218
2816 , 2816 , 736 , 736 , 114390
2848 , 2848 , 738 , 738 , 115389
2880 , 2880 , 738 , 738 , 116340
2912 , 2912 , 738 , 738 , 117310
2944 , 2944 , 738 , 738 , 118248
2976 , 2976 , 738 , 738 , 119233
3008 , 3008 , 767 , 767 , 120341
3040 , 3040 , 799 , 799 , 121480
3072 , 3072 , 831 , 831 , 122954
3104 , 3104 , 854 , 854 , 124564
3136 , 3136 , 884 , 884 , 125889
3168 , 3168 , 916 , 916 , 127475
3200 , 3200 , 918 , 918 , 129164
3232 , 3232 , 930 , 930 , 130658
3264 , 3264 , 961 , 961 , 132334
3296 , 3296 , 961 , 961 , 134017
3328 , 3328 , 978 , 978 , 135360
3360 , 3360 , 994 , 994 , 136394
3392 , 3392 , 994 , 994 , 137414
3424 , 3424 , 994 , 994 , 138457
3456 , 3456 , 994 , 994 , 139499
3488 , 3488 , 1015 , 1015 , 140727
3520 , 3520 , 1047 , 1047 , 147131
3552 , 3552 , 1079 , 1079 , 148794
3584 , 3584 , 1085 , 1085 , 150502
3616 , 3616 , 1100 , 1100 , 151874
3648 , 3648 , 1121 , 1121 , 152859
3680 , 3680 , 1141 , 1141 , 153859
3712 , 3712 , 1171 , 1171 , 155085
3744 , 3744 , 1199 , 1199 , 156104
3776 , 3776 , 1207 , 1207 , 157203
3808 , 3808 , 1227 , 1227 , 158385
3840 , 3840 , 1259 , 1259 , 159490
3872 , 3872 , 1291 , 1291 , 160949
3904 , 3904 , 1319 , 1319 , 162432
3936 , 3936 , 1351 , 1351 , 163678
3968 , 3968 , 1383 , 1383 , 164752
4000 , 4000 , 1415 , 1415 , 166052
4032 , 4032 , 1447 , 1447 , 167230
4064 , 4064 , 1478 , 1478 , 169279
4096 , 4096 , 1478 , 1478 , 171313
4128 , 4128 , 1478 , 1478 , 173332
4160 , 4160 , 1508 , 1508 , 174883
4192 , 4192 , 1523 , 1523 , 176471
4224 , 4224 , 1554 , 1554 , 177958
4256 , 4256 , 1585 , 1585 , 179455
4288 , 4288 , 1617 , 1617 , 180346
4320 , 4320 , 1649 , 1649 , 181392
4352 , 4352 , 1678 , 1678 , 182291
4384 , 4384 , 1710 , 1710 , 182907
4416 , 4416 , 1721 , 1721 , 183722
4448 , 4448 , 1753 , 1753 , 185301
4480 , 4480 , 1776 , 1776 , 187052
4512 , 4512 , 1804 , 1804 , 188366
4544 , 4544 , 1836 , 1836 , 189450
4576 , 4576 , 1851 , 1851 , 190611
4608 , 4608 , 1883 , 1883 , 191580
4640 , 4640 , 1915 , 1915 , 192132
4672 , 4672 , 1916 , 1916 , 192670
4704 , 4704 , 1916 , 1916 , 193208
4736 , 4736 , 1916 , 1916 , 193747
4768 , 4768 , 1932 , 1932 , 194732
4800 , 4800 , 1964 , 1964 , 196023
4832 , 4832 , 1996 , 1996 , 197530
4864 , 4864 , 2028 , 2028 , 199001
4896 , 4896 , 2060 , 2060 , 200631
4928 , 4928 , 2092 , 2092 , 201754
4960 , 4960 , 2118 , 2118 , 202778
4992 , 4992 , 2148 , 2148 , 203795
5024 , 5024 , 2172 , 2172 , 204860
5056 , 5056 , 2204 , 2204 , 205965
5088 , 5088 , 2236 , 2236 , 207446
5120 , 5120 , 2268 , 2268 , 208603
5152 , 5152 , 2300 , 2300 , 209363
5184 , 5184 , 2332 , 2332 , 210641
5216 , 5216 , 2364 , 2364 , 211912
5248 , 5248 , 2381 , 2381 , 213540
5280 , 5280 , 2413 , 2413 , 215131
5312 , 5312 , 2445 , 2445 , 216282
5344 , 5344 , 2477 , 2477 , 217486
5376 , 5376 , 2509 , 2509 , 218309
5408 , 5408 , 2541 , 2541 , 219664
5440 , 5440 , 2573 , 2573 , 220096
5472 , 5472 , 2591 , 2591 , 220516
5504 , 5504 , 2591 , 2591 , 220931
5536 , 5536 , 2596 , 2596 , 221509
5568 , 5568 , 2628 , 2628 , 223028
5600 , 5600 , 2660 , 2660 , 226216
5632 , 5632 , 2692 , 2692 , 229157
5664 , 5664 , 2724 , 2724 , 230290
5696 , 5696 , 2744 , 2744 , 231448
5728 , 5728 , 2776 , 2776 , 232552
5760 , 5760 , 2808 , 2808 , 233426
5792 , 5792 , 2840 , 2840 , 234578
5824 , 5824 , 2872 , 2872 , 236164
5856 , 5856 , 2881 , 2881 , 237761
5918 , 5918 , 2914 , 2914 , 240729
5950 , 5950 , 2946 , 2946 , 241303
5982 , 5982 , 2962 , 2962 , 241883
6014 , 6014 , 2962 , 2962 , 242455
6046 , 6046 , 2988 , 2988 , 243845
6078 , 6078 , 3020 , 3020 , 244978
6110 , 6110 , 3052 , 3052 , 246220
6142 , 6142 , 3084 , 3084 , 247344
6174 , 6174 , 3116 , 3116 , 248702
6206 , 6206 , 3148 , 3148 , 250273
6238 , 6238 , 3173 , 3173 , 251937
6270 , 6270 , 3205 , 3205 , 254785
6302 , 6302 , 3237 , 3237 , 256250
6334 , 6334 , 3269 , 3269 , 257408
6366 , 6366 , 3301 , 3301 , 258396
6398 , 6398 , 3311 , 3311 , 259325
6430 , 6430 , 3311 , 3311 , 260267
6462 , 6462 , 3311 , 3311 , 261247
6494 , 6494 , 3311 , 3311 , 262233
6526 , 6526 , 3337 , 3337 , 263649
6558 , 6558 , 3369 , 3369 , 265202
6590 , 6590 , 3372 , 3372 , 266819
6622 , 6622 , 3376 , 3376 , 268270
6654 , 6654 , 3408 , 3408 , 272945
6686 , 6686 , 3440 , 3440 , 275591
6718 , 6718 , 3472 , 3472 , 276931
6750 , 6750 , 3504 , 3504 , 278304
6782 , 6782 , 3536 , 3536 , 279566
6814 , 6814 , 3568 , 3568 , 280916
6846 , 6846 , 3592 , 3592 , 282231
6878 , 6878 , 3624 , 3624 , 282952
6910 , 6910 , 3652 , 3652 , 283728
6942 , 6942 , 3652 , 3652 , 284465
6974 , 6974 , 3663 , 3663 , 285371
7006 , 7006 , 3695 , 3695 , 286704
7038 , 7038 , 3727 , 3727 , 288526
7070 , 7070 , 3754 , 3754 , 290318
7102 , 7102 , 3765 , 3765 , 292049
7134 , 7134 , 3797 , 3797 , 293807
7166 , 7166 , 3829 , 3829 , 295307
7198 , 7198 , 3861 , 3861 , 296611
7230 , 7230 , 3893 , 3893 , 297968
7262 , 7262 , 3893 , 3893 , 299294
7294 , 7294 , 3922 , 3922 , 299943
7326 , 7326 , 3954 , 3954 , 300406
7358 , 7358 , 3976 , 3976 , 300871
7390 , 7390 , 3976 , 3976 , 301325
7422 , 7422 , 3976 , 3976 , 301764
7454 , 7454 , 3976 , 3976 , 302204
7486 , 7486 , 4008 , 4008 , 303422
7518 , 7518 , 4040 , 4040 , 304463
7550 , 7550 , 4072 , 4072 , 305118
7582 , 7582 , 4104 , 4104 , 305730
7614 , 7614 , 4136 , 4136 , 307012
7646 , 7646 , 4168 , 4168 , 308478
7678 , 7678 , 4200 , 4200 , 309759
7710 , 7710 , 4232 , 4232 , 310885
7742 , 7742 , 4264 , 4264 , 312129
7774 , 7774 , 4296 , 4296 , 313537
7806 , 7806 , 4328 , 4328 , 314810
7838 , 7838 , 4360 , 4360 , 315938
7870 , 7870 , 4392 , 4392 , 316771
7902 , 7902 , 4424 , 4424 , 318109
7934 , 7934 , 4456 , 4456 , 319735
7966 , 7966 , 4488 , 4488 , 321459
7998 , 7998 , 4517 , 4517 , 322388
8030 , 8030 , 4549 , 4549 , 323462
8062 , 8062 , 4581 , 4581 , 324644
8094 , 8094 , 4613 , 4613 , 326081
8126 , 8126 , 4645 , 4645 , 328003
8158 , 8158 , 4674 , 4674 , 329871
8190 , 8190 , 4678 , 4678 , 331583
8222 , 8222 , 4710 , 4710 , 332576
8254 , 8254 , 4742 , 4742 , 333799
8286 , 8286 , 4774 , 4774 , 335118
8318 , 8318 , 4790 , 4790 , 336414
8350 , 8350 , 4796 , 4796 , 337758
8382 , 8382 , 4828 , 4828 , 339361
8414 , 8414 , 4860 , 4860 , 340751
8446 , 8446 , 4892 , 4892 , 341962
8478 , 8478 , 4924 , 4924 , 342389
8510 , 8510 , 4956 , 4956 , 342811
8542 , 8542 , 4969 , 4969 , 343233
8574 , 8574 , 4975 , 4975 , 343760
8606 , 8606 , 5007 , 5007 , 344322
8638 , 8638 , 5039 , 5039 , 344736
8670 , 8670 , 5064 , 5064 , 345162
8702 , 8702 , 5064 , 5064 , 345584
8734 , 8734 , 5064 , 5064 , 346003
8766 , 8766 , 5064 , 5064 , 346419
8798 , 8798 , 5064 , 5064 , 346846
8830 , 8830 , 5064 , 5064 , 347266
