32 , 32 , 0 , 0 , 1104
64 , 64 , 0 , 0 , 2186
96 , 96 , 0 , 0 , 3549
128 , 128 , 0 , 0 , 4836
160 , 160 , 0 , 0 , 6265
192 , 192 , 0 , 0 , 7680
224 , 224 , 0 , 0 , 8780
256 , 256 , 0 , 0 , 9914
288 , 288 , 0 , 0 , 12209
320 , 320 , 0 , 0 , 13128
352 , 352 , 0 , 0 , 13927
384 , 384 , 0 , 0 , 14881
416 , 416 , 0 , 0 , 16012
448 , 448 , 0 , 0 , 17123
480 , 480 , 0 , 0 , 17953
512 , 512 , 0 , 0 , 19049
544 , 544 , 0 , 0 , 20351
576 , 576 , 0 , 0 , 21297
608 , 608 , 0 , 0 , 22698
640 , 640 , 0 , 0 , 23688
672 , 672 , 0 , 0 , 25068
704 , 704 , 0 , 0 , 26447
736 , 736 , 0 , 0 , 27693
768 , 768 , 0 , 0 , 29442
800 , 800 , 0 , 0 , 30465
832 , 832 , 0 , 0 , 31461
864 , 864 , 0 , 0 , 32490
896 , 896 , 0 , 0 , 34261
928 , 928 , 0 , 0 , 35514
960 , 960 , 0 , 0 , 36903
992 , 992 , 0 , 0 , 38562
1024 , 1024 , 0 , 0 , 39709
1056 , 1056 , 0 , 0 , 40877
1088 , 1088 , 0 , 0 , 42036
1120 , 1120 , 0 , 0 , 43442
1152 , 1152 , 0 , 0 , 44752
1184 , 1184 , 0 , 0 , 45955
1216 , 1216 , 0 , 0 , 47354
1248 , 1248 , 0 , 0 , 48712
1280 , 1280 , 0 , 0 , 50101
1312 , 1312 , 0 , 0 , 51284
1344 , 1344 , 0 , 0 , 52440
1376 , 1376 , 0 , 0 , 53646
1408 , 1408 , 0 , 0 , 54977
1440 , 1440 , 0 , 0 , 56262
1472 , 1472 , 0 , 0 , 57240
1504 , 1504 , 0 , 0 , 58436
1536 , 1536 , 0 , 0 , 59623
1568 , 1568 , 0 , 0 , 60809
1600 , 1600 , 0 , 0 , 62129
1632 , 1632 , 0 , 0 , 63351
1664 , 1664 , 0 , 0 , 64535
1696 , 1696 , 0 , 0 , 65849
1728 , 1728 , 0 , 0 , 67000
1760 , 1760 , 0 , 0 , 68421
1792 , 1792 , 0 , 0 , 69719
1824 , 1824 , 0 , 0 , 71043
1856 , 1856 , 0 , 0 , 72415
1888 , 1888 , 0 , 0 , 73754
1920 , 1920 , 0 , 0 , 75046
1952 , 1952 , 0 , 0 , 76383
1984 , 1984 , 0 , 0 , 77657
2016 , 2016 , 0 , 0 , 78848
2048 , 2048 , 0 , 0 , 80244
2080 , 2080 , 0 , 0 , 81641
2112 , 2112 , 0 , 0 , 82984
2144 , 2144 , 0 , 0 , 84276
2176 , 2176 , 0 , 0 , 85541
2208 , 2208 , 0 , 0 , 86762
2240 , 2240 , 0 , 0 , 88045
2272 , 2272 , 0 , 0 , 89372
2304 , 2304 , 0 , 0 , 90582
2336 , 2336 , 0 , 0 , 91714
2368 , 2368 , 0 , 0 , 92976
2400 , 2400 , 0 , 0 , 94338
2432 , 2432 , 0 , 0 , 95620
2464 , 2464 , 0 , 0 , 96964
2496 , 2496 , 0 , 0 , 98144
2528 , 2528 , 0 , 0 , 99314
2560 , 2560 , 0 , 0 , 100534
2592 , 2592 , 0 , 0 , 101849
2624 , 2624 , 0 , 0 , 103128
2656 , 2656 , 0 , 0 , 104281
2688 , 2688 , 0 , 0 , 105376
2720 , 2720 , 0 , 0 , 106728
2752 , 2752 , 0 , 0 , 107915
2784 , 2784 , 0 , 0 , 109145
2816 , 2816 , 0 , 0 , 110377
2848 , 2848 , 0 , 0 , 111570
2880 , 2880 , 0 , 0 , 112722
2912 , 2912 , 0 , 0 , 113811
2944 , 2944 , 0 , 0 , 114941
2976 , 2976 , 0 , 0 , 116139
3008 , 3008 , 0 , 0 , 117237
3040 , 3040 , 0 , 0 , 118518
3072 , 3072 , 0 , 0 , 119575
3104 , 3104 , 0 , 0 , 120760
3136 , 3136 , 0 , 0 , 121831
3168 , 3168 , 0 , 0 , 123051
3200 , 3200 , 0 , 0 , 124367
3232 , 3232 , 0 , 0 , 125583
3264 , 3264 , 0 , 0 , 126747
3296 , 3296 , 0 , 0 , 127974
3328 , 3328 , 0 , 0 , 129191
3360 , 3360 , 0 , 0 , 130332
3392 , 3392 , 0 , 0 , 131508
3424 , 3424 , 0 , 0 , 132529
3456 , 3456 , 0 , 0 , 133696
3488 , 3488 , 0 , 0 , 134857
3520 , 3520 , 0 , 0 , 136120
3552 , 3552 , 0 , 0 , 137266
3584 , 3584 , 0 , 0 , 138537
3616 , 3616 , 0 , 0 , 139633
3648 , 3648 , 0 , 0 , 140889
3680 , 3680 , 0 , 0 , 142108
3712 , 3712 , 0 , 0 , 143319
3744 , 3744 , 0 , 0 , 144631
3776 , 3776 , 0 , 0 , 145758
3808 , 3808 , 0 , 0 , 147091
3840 , 3840 , 0 , 0 , 148247
3872 , 3872 , 0 , 0 , 149496
3904 , 3904 , 0 , 0 , 150646
3936 , 3936 , 0 , 0 , 151927
3968 , 3968 , 0 , 0 , 153120
4000 , 4000 , 0 , 0 , 154357
4032 , 4032 , 0 , 0 , 155594
4064 , 4064 , 0 , 0 , 156783
4096 , 4096 , 0 , 0 , 158034
4128 , 4128 , 0 , 0 , 159202
4160 , 4160 , 0 , 0 , 160468
4192 , 4192 , 0 , 0 , 161593
4224 , 4224 , 0 , 0 , 162858
4256 , 4256 , 0 , 0 , 164015
4288 , 4288 , 0 , 0 , 165293
4320 , 4320 , 4 , 4 , 166465
4352 , 4352 , 16 , 16 , 167748
4384 , 4384 , 41 , 41 , 169017
4416 , 4416 , 68 , 68 , 170236
4448 , 4448 , 98 , 98 , 171507
4480 , 4480 , 130 , 130 , 172761
4512 , 4512 , 162 , 162 , 174021
4544 , 4544 , 194 , 194 , 175246
4576 , 4576 , 226 , 226 , 176520
4608 , 4608 , 258 , 258 , 177860
4640 , 4640 , 290 , 290 , 179116
4672 , 4672 , 322 , 322 , 180535
4704 , 4704 , 354 , 354 , 181785
4736 , 4736 , 386 , 386 , 183228
4768 , 4768 , 418 , 418 , 184491
4800 , 4800 , 450 , 450 , 185903
4832 , 4832 , 482 , 482 , 187192
4864 , 4864 , 514 , 514 , 188627
4896 , 4896 , 546 , 546 , 189916
4928 , 4928 , 578 , 578 , 191100
4960 , 4960 , 610 , 610 , 192552
4992 , 4992 , 642 , 642 , 193829
5024 , 5024 , 674 , 674 , 195227
5056 , 5056 , 706 , 706 , 196504
5088 , 5088 , 738 , 738 , 197880
5120 , 5120 , 770 , 770 , 199129
5152 , 5152 , 802 , 802 , 200504
5184 , 5184 , 834 , 834 , 201737
5216 , 5216 , 866 , 866 , 203093
5248 , 5248 , 898 , 898 , 204354
5280 , 5280 , 930 , 930 , 205723
5312 , 5312 , 962 , 962 , 206979
5344 , 5344 , 994 , 994 , 208277
5376 , 5376 , 1026 , 1026 , 209533
5408 , 5408 , 1058 , 1058 , 210815
5440 , 5440 , 1090 , 1090 , 211953
5472 , 5472 , 1122 , 1122 , 213280
5504 , 5504 , 1154 , 1154 , 214453
5536 , 5536 , 1186 , 1186 , 215738
5568 , 5568 , 1218 , 1218 , 216996
5600 , 5600 , 1250 , 1250 , 218282
5632 , 5632 , 1282 , 1282 , 219601
5664 , 5664 , 1314 , 1314 , 220774
5696 , 5696 , 1346 , 1346 , 222012
5728 , 5728 , 1378 , 1378 , 223221
5760 , 5760 , 1410 , 1410 , 224476
5792 , 5792 , 1442 , 1442 , 225598
5824 , 5824 , 1474 , 1474 , 226931
5856 , 5856 , 1506 , 1506 , 228180
5888 , 5888 , 1538 , 1538 , 229318
5920 , 5920 , 1570 , 1570 , 230593
5952 , 5952 , 1602 , 1602 , 231901
5984 , 5984 , 1634 , 1634 , 233003
6016 , 6016 , 1666 , 1666 , 234304
6048 , 6048 , 1698 , 1698 , 235629
6080 , 6080 , 1730 , 1730 , 236789
6112 , 6112 , 1762 , 1762 , 238033
6144 , 6144 , 1794 , 1794 , 239286
6176 , 6176 , 1826 , 1826 , 240452
6208 , 6208 , 1858 , 1858 , 241712
6240 , 6240 , 1890 , 1890 , 243009
6272 , 6272 , 1922 , 1922 , 244248
6304 , 6304 , 1954 , 1954 , 245482
6336 , 6336 , 1986 , 1986 , 246688
6368 , 6368 , 2018 , 2018 , 247895
6400 , 6400 , 2050 , 2050 , 249098
6432 , 6432 , 2082 , 2082 , 250285
6464 , 6464 , 2114 , 2114 , 251431
6496 , 6496 , 2146 , 2146 , 252569
6528 , 6528 , 2178 , 2178 , 253759
6560 , 6560 , 2210 , 2210 , 254947
6592 , 6592 , 2242 , 2242 , 256005
6624 , 6624 , 2274 , 2274 , 257045
6656 , 6656 , 2306 , 2306 , 258099
6688 , 6688 , 2338 , 2338 , 259085
6720 , 6720 , 2370 , 2370 , 259986
6752 , 6752 , 2402 , 2402 , 260816
6784 , 6784 , 2418 , 2418 , 261613
6816 , 6816 , 2418 , 2418 , 262397
6848 , 6848 , 2418 , 2418 , 263159
6880 , 6880 , 2418 , 2418 , 263962
6912 , 6912 , 2418 , 2418 , 264731
6944 , 6944 , 2418 , 2418 , 265496
6976 , 6976 , 2418 , 2418 , 266177
7008 , 7008 , 2418 , 2418 , 266932
7040 , 7040 , 2418 , 2418 , 267671
7072 , 7072 , 2418 , 2418 , 268380
7104 , 7104 , 2418 , 2418 , 269098
7136 , 7136 , 2418 , 2418 , 269803
7168 , 7168 , 2418 , 2418 , 270516
7200 , 7200 , 2418 , 2418 , 271265
7232 , 7232 , 2418 , 2418 , 271952
7264 , 7264 , 2418 , 2418 , 272608
7296 , 7296 , 2418 , 2418 , 273224
7328 , 7328 , 2418 , 2418 , 273866
7360 , 7360 , 2418 , 2418 , 274522
7392 , 7392 , 2418 , 2418 , 275191
7424 , 7424 , 2418 , 2418 , 275847
7456 , 7456 , 2418 , 2418 , 276498
7488 , 7488 , 2418 , 2418 , 277159
7520 , 7520 , 2418 , 2418 , 277793
7552 , 7552 , 2418 , 2418 , 278415
7584 , 7584 , 2418 , 2418 , 279045
7616 , 7616 , 2418 , 2418 , 279638
7648 , 7648 , 2418 , 2418 , 280213
7680 , 7680 , 2418 , 2418 , 280823
7712 , 7712 , 2418 , 2418 , 281396
7744 , 7744 , 2418 , 2418 , 281985
7776 , 7776 , 2418 , 2418 , 282557
7808 , 7808 , 2418 , 2418 , 283180
7840 , 7840 , 2418 , 2418 , 283765
7872 , 7872 , 2418 , 2418 , 284358
7904 , 7904 , 2418 , 2418 , 285008
7936 , 7936 , 2418 , 2418 , 285613
7968 , 7968 , 2418 , 2418 , 286247
8000 , 8000 , 2418 , 2418 , 286720
