32 , 32 , 0 , 0 , 1443
64 , 64 , 0 , 0 , 3109
96 , 96 , 0 , 0 , 4770
128 , 128 , 0 , 0 , 6379
160 , 160 , 0 , 0 , 7417
192 , 192 , 0 , 0 , 10241
224 , 224 , 3 , 3 , 13736
256 , 256 , 6 , 6 , 14617
288 , 288 , 8 , 8 , 15781
320 , 320 , 8 , 8 , 17351
352 , 352 , 8 , 8 , 18979
384 , 384 , 8 , 8 , 20567
416 , 416 , 19 , 19 , 21632
448 , 448 , 19 , 19 , 22281
480 , 480 , 23 , 23 , 22977
512 , 512 , 28 , 28 , 24084
544 , 544 , 35 , 35 , 25021
576 , 576 , 35 , 35 , 25749
608 , 608 , 40 , 40 , 26953
640 , 640 , 40 , 40 , 28045
672 , 672 , 40 , 40 , 29032
704 , 704 , 43 , 43 , 30135
736 , 736 , 52 , 52 , 31534
768 , 768 , 66 , 66 , 32702
800 , 800 , 73 , 73 , 33983
832 , 832 , 73 , 73 , 35727
864 , 864 , 73 , 73 , 37479
896 , 896 , 73 , 73 , 39202
928 , 928 , 75 , 75 , 40284
960 , 960 , 75 , 75 , 41421
992 , 992 , 78 , 78 , 42507
1024 , 1024 , 82 , 82 , 43431
1056 , 1056 , 82 , 82 , 43951
1088 , 1088 , 82 , 82 , 44491
1120 , 1120 , 82 , 82 , 45011
1152 , 1152 , 91 , 91 , 45814
1184 , 1184 , 103 , 103 , 47363
1216 , 1216 , 103 , 103 , 49186
1248 , 1248 , 103 , 103 , 51000
1280 , 1280 , 112 , 112 , 52477
1312 , 1312 , 112 , 112 , 53836
1344 , 1344 , 112 , 112 , 55161
1376 , 1376 , 121 , 121 , 56395
1408 , 1408 , 121 , 121 , 57577
1440 , 1440 , 124 , 124 , 58656
1472 , 1472 , 135 , 135 , 59232
1504 , 1504 , 137 , 137 , 59868
1536 , 1536 , 162 , 162 , 61105
1568 , 1568 , 172 , 172 , 62762
1600 , 1600 , 195 , 195 , 63963
1632 , 1632 , 197 , 197 , 65630
1664 , 1664 , 197 , 197 , 67366
1696 , 1696 , 222 , 222 , 68902
1728 , 1728 , 233 , 233 , 69998
1760 , 1760 , 259 , 259 , 71476
1792 , 1792 , 271 , 271 , 72893
1824 , 1824 , 274 , 274 , 73890
1856 , 1856 , 274 , 274 , 74911
1888 , 1888 , 274 , 274 , 75885
1920 , 1920 , 274 , 274 , 76892
1952 , 1952 , 288 , 288 , 78161
1984 , 1984 , 320 , 320 , 79488
2016 , 2016 , 338 , 338 , 80430
2048 , 2048 , 370 , 370 , 81463
2080 , 2080 , 401 , 401 , 82689
2112 , 2112 , 420 , 420 , 83164
2144 , 2144 , 425 , 425 , 83738
2176 , 2176 , 436 , 436 , 84927
2208 , 2208 , 436 , 436 , 86132
2240 , 2240 , 447 , 447 , 87478
2272 , 2272 , 453 , 453 , 89178
2304 , 2304 , 453 , 453 , 90912
2336 , 2336 , 476 , 476 , 92374
2368 , 2368 , 508 , 508 , 93840
2400 , 2400 , 515 , 515 , 95493
2432 , 2432 , 515 , 515 , 97175
2464 , 2464 , 547 , 547 , 98150
2496 , 2496 , 579 , 579 , 99727
2528 , 2528 , 579 , 579 , 101389
2560 , 2560 , 579 , 579 , 102957
2592 , 2592 , 604 , 604 , 104496
2624 , 2624 , 617 , 617 , 105900
2656 , 2656 , 637 , 637 , 106995
2688 , 2688 , 669 , 669 , 108652
2720 , 2720 , 669 , 669 , 110330
2752 , 2752 , 678 , 678 , 111722
2784 , 2784 , 710 , 710 , 113095
2816 , 2816 , 731 , 731 , 114231
2848 , 2848 , 733 , 733 , 115216
2880 , 2880 , 733 , 733 , 116172
2912 , 2912 , 733 , 733 , 117140
2944 , 2944 , 733 , 733 , 118107
2976 , 2976 , 733 , 733 , 119056
3008 , 3008 , 762 , 762 , 120130
3040 , 3040 , 794 , 794 , 121272
3072 , 3072 , 826 , 826 , 122784
3104 , 3104 , 849 , 849 , 124386
3136 , 3136 , 879 , 879 , 125703
3168 , 3168 , 911 , 911 , 127296
3200 , 3200 , 913 , 913 , 129016
3232 , 3232 , 925 , 925 , 130489
3264 , 3264 , 956 , 956 , 132152
3296 , 3296 , 956 , 956 , 133866
3328 , 3328 , 973 , 973 , 135175
3360 , 3360 , 989 , 989 , 136195
3392 , 3392 , 989 , 989 , 137228
3424 , 3424 , 989 , 989 , 138279
3456 , 3456 , 989 , 989 , 139298
3488 , 3488 , 1010 , 1010 , 140561
3520 , 3520 , 1042 , 1042 , 147047
3552 , 3552 , 1074 , 1074 , 148674
3584 , 3584 , 1080 , 1080 , 150386
3616 , 3616 , 1095 , 1095 , 151743
3648 , 3648 , 1115 , 1115 , 152734
3680 , 3680 , 1135 , 1135 , 153796
3712 , 3712 , 1164 , 1164 , 155014
3744 , 3744 , 1192 , 1192 , 156043
3776 , 3776 , 1199 , 1199 , 157127
3808 , 3808 , 1219 , 1219 , 158306
3840 , 3840 , 1251 , 1251 , 159410
3872 , 3872 , 1283 , 1283 , 160847
3904 , 3904 , 1310 , 1310 , 162312
3936 , 3936 , 1342 , 1342 , 163557
3968 , 3968 , 1374 , 1374 , 164661
4000 , 4000 , 1406 , 1406 , 165921
4032 , 4032 , 1438 , 1438 , 167097
4064 , 4064 , 1468 , 1468 , 169132
4096 , 4096 , 1468 , 1468 , 171184
4128 , 4128 , 1468 , 1468 , 173171
4160 , 4160 , 1498 , 1498 , 174718
4192 , 4192 , 1512 , 1512 , 176289
4224 , 4224 , 1543 , 1543 , 177757
4256 , 4256 , 1574 , 1574 , 179245
4288 , 4288 , 1606 , 1606 , 180123
4320 , 4320 , 1638 , 1638 , 181152
4352 , 4352 , 1667 , 1667 , 182048
4384 , 4384 , 1699 , 1699 , 182643
4416 , 4416 , 1709 , 1709 , 183469
4448 , 4448 , 1741 , 1741 , 185055
4480 , 4480 , 1764 , 1764 , 186816
4512 , 4512 , 1792 , 1792 , 188102
4544 , 4544 , 1824 , 1824 , 189184
4576 , 4576 , 1839 , 1839 , 190350
4608 , 4608 , 1871 , 1871 , 191327
4640 , 4640 , 1903 , 1903 , 191888
4672 , 4672 , 1903 , 1903 , 192426
4704 , 4704 , 1903 , 1903 , 192969
4736 , 4736 , 1903 , 1903 , 193502
4768 , 4768 , 1919 , 1919 , 194443
4800 , 4800 , 1951 , 1951 , 195746
4832 , 4832 , 1983 , 1983 , 197238
4864 , 4864 , 2015 , 2015 , 198704
4896 , 4896 , 2047 , 2047 , 200300
4928 , 4928 , 2079 , 2079 , 201432
4960 , 4960 , 2104 , 2104 , 202451
4992 , 4992 , 2134 , 2134 , 203446
5024 , 5024 , 2157 , 2157 , 204489
5056 , 5056 , 2189 , 2189 , 205606
5088 , 5088 , 2221 , 2221 , 207057
5120 , 5120 , 2253 , 2253 , 208224
5152 , 5152 , 2285 , 2285 , 208968
5184 , 5184 , 2317 , 2317 , 210203
5216 , 5216 , 2348 , 2348 , 211483
5248 , 5248 , 2365 , 2365 , 213122
5280 , 5280 , 2397 , 2397 , 214741
5312 , 5312 , 2429 , 2429 , 215919
5344 , 5344 , 2461 , 2461 , 217105
5376 , 5376 , 2493 , 2493 , 217952
5408 , 5408 , 2525 , 2525 , 219287
5440 , 5440 , 2557 , 2557 , 219702
5472 , 5472 , 2574 , 2574 , 220114
5504 , 5504 , 2574 , 2574 , 220521
5536 , 5536 , 2579 , 2579 , 221089
5568 , 5568 , 2611 , 2611 , 222610
5600 , 5600 , 2643 , 2643 , 225786
5632 , 5632 , 2675 , 2675 , 228732
5664 , 5664 , 2707 , 2707 , 229891
5696 , 5696 , 2726 , 2726 , 231030
5728 , 5728 , 2758 , 2758 , 232120
5760 , 5760 , 2790 , 2790 , 233003
5792 , 5792 , 2822 , 2822 , 234148
5824 , 5824 , 2854 , 2854 , 235698
5856 , 5856 , 2862 , 2862 , 237299
5888 , 5888 , 2865 , 2865 , 239094
5920 , 5920 , 2897 , 2897 , 240321
5952 , 5952 , 2929 , 2929 , 240891
5984 , 5984 , 2942 , 2942 , 241477
6016 , 6016 , 2942 , 2942 , 242066
6048 , 6048 , 2970 , 2970 , 243516
6080 , 6080 , 3002 , 3002 , 244595
6112 , 6112 , 3034 , 3034 , 245822
6144 , 6144 , 3066 , 3066 , 246934
6176 , 6176 , 3098 , 3098 , 248304
6208 , 6208 , 3130 , 3130 , 249891
6240 , 6240 , 3154 , 3154 , 251537
6272 , 6272 , 3186 , 3186 , 254293
6304 , 6304 , 3218 , 3218 , 255754
6336 , 6336 , 3250 , 3250 , 256841
6368 , 6368 , 3282 , 3282 , 257817
6400 , 6400 , 3288 , 3288 , 258778
6432 , 6432 , 3288 , 3288 , 259774
6464 , 6464 , 3288 , 3288 , 260742
6496 , 6496 , 3288 , 3288 , 261733
6528 , 6528 , 3316 , 3316 , 263200
6560 , 6560 , 3348 , 3348 , 264781
6592 , 6592 , 3348 , 3348 , 266397
6624 , 6624 , 3354 , 3354 , 267801
6656 , 6656 , 3386 , 3386 , 273059
6688 , 6688 , 3418 , 3418 , 275252
6720 , 6720 , 3450 , 3450 , 276644
6752 , 6752 , 3482 , 3482 , 277991
6784 , 6784 , 3514 , 3514 , 279271
6816 , 6816 , 3546 , 3546 , 280626
6848 , 6848 , 3569 , 3569 , 281900
6880 , 6880 , 3601 , 3601 , 282630
6912 , 6912 , 3626 , 3626 , 283382
6944 , 6944 , 3626 , 3626 , 284116
6976 , 6976 , 3639 , 3639 , 285043
7008 , 7008 , 3671 , 3671 , 286450
7040 , 7040 , 3703 , 3703 , 288274
7072 , 7072 , 3727 , 3727 , 290101
7104 , 7104 , 3740 , 3740 , 291846
7136 , 7136 , 3772 , 3772 , 293593
7168 , 7168 , 3804 , 3804 , 295067
7200 , 7200 , 3836 , 3836 , 296407
7232 , 7232 , 3865 , 3865 , 297767
7264 , 7264 , 3865 , 3865 , 299080
7296 , 7296 , 3896 , 3896 , 299683
7328 , 7328 , 3928 , 3928 , 300125
7360 , 7360 , 3947 , 3947 , 300579
7392 , 7392 , 3947 , 3947 , 301042
7424 , 7424 , 3947 , 3947 , 301498
7456 , 7456 , 3949 , 3949 , 301973
7488 , 7488 , 3981 , 3981 , 303241
7520 , 7520 , 4013 , 4013 , 304217
7552 , 7552 , 4045 , 4045 , 304873
7584 , 7584 , 4077 , 4077 , 305491
7593 , 7593 , 4086 , 4086 , 305681
7625 , 7625 , 4118 , 4118 , 307266
7657 , 7657 , 4150 , 4150 , 308650
7689 , 7689 , 4182 , 4182 , 309817
7721 , 7721 , 4214 , 4214 , 311048
7753 , 7753 , 4246 , 4246 , 312302
7785 , 7785 , 4278 , 4278 , 313731
7817 , 7817 , 4310 , 4310 , 314961
7849 , 7849 , 4342 , 4342 , 316077
7881 , 7881 , 4374 , 4374 , 316864
7913 , 7913 , 4406 , 4406 , 318359
7945 , 7945 , 4438 , 4438 , 320060
7977 , 7977 , 4466 , 4466 , 321478
8009 , 8009 , 4498 , 4498 , 322479
8041 , 8041 , 4530 , 4530 , 323675
8073 , 8073 , 4562 , 4562 , 324774
8105 , 8105 , 4594 , 4594 , 326481
8137 , 8137 , 4626 , 4626 , 328378
8169 , 8169 , 4643 , 4643 , 330223
8201 , 8201 , 4658 , 4658 , 331732
8233 , 8233 , 4690 , 4690 , 332628
8265 , 8265 , 4722 , 4722 , 334010
8297 , 8297 , 4754 , 4754 , 335332
8329 , 8329 , 4759 , 4759 , 336668
8361 , 8361 , 4776 , 4776 , 338108
8393 , 8393 , 4808 , 4808 , 339681
8425 , 8425 , 4840 , 4840 , 340677
8457 , 8457 , 4872 , 4872 , 341888
8489 , 8489 , 4904 , 4904 , 342291
8521 , 8521 , 4936 , 4936 , 342704
8553 , 8553 , 4937 , 4937 , 343112
8585 , 8585 , 4954 , 4954 , 343789
8617 , 8617 , 4986 , 4986 , 344215
8649 , 8649 , 5018 , 5018 , 344633
8681 , 8681 , 5031 , 5031 , 345055
8713 , 8713 , 5031 , 5031 , 345477
8745 , 8745 , 5031 , 5031 , 345898
8777 , 8777 , 5031 , 5031 , 346324
8809 , 8809 , 5031 , 5031 , 346735
8841 , 8841 , 5031 , 5031 , 347147
